1730230099.300020218 -0.000000 -0.000000 -0.000000 0.014516 -0.017643 0.000000 0.999739
1730230099.400022268 -0.000245 0.000228 0.000637 0.014551 -0.017645 -0.000113 0.999738
1730230099.503231287 -0.000446 0.000446 0.001077 0.014590 -0.017632 0.000004 0.999738
1730230099.700024366 -0.000669 0.000628 0.001375 0.014586 -0.017619 0.000006 0.999738
1730230099.900022268 -0.000840 0.000814 0.001013 0.014660 -0.017639 0.000035 0.999737
1730230100.300032616 -0.001040 0.001130 -0.002011 0.014649 -0.017675 -0.000015 0.999736
1730230100.400033474 -0.001048 0.001177 -0.003310 0.014703 -0.017654 0.000012 0.999736
1730230100.500031471 -0.001020 0.001217 -0.005701 0.014766 -0.017666 -0.000009 0.999735
1730230100.500031471 -0.000914 0.000855 -0.014955 0.014382 -0.017453 0.000014 0.999744
1730230100.600030661 -0.000935 0.000789 -0.015255 0.014403 -0.017485 0.000065 0.999743
1730230100.700031519 -0.000943 0.000751 -0.012746 0.014428 -0.017497 0.000047 0.999743
1730230100.800034523 -0.000963 0.000697 -0.010465 0.014406 -0.017516 0.000043 0.999743
1730230100.903224468 -0.000997 0.000623 -0.008288 0.014427 -0.017528 0.000000 0.999742
1730230101.000037670 -0.000961 0.000585 -0.006427 0.014448 -0.017518 0.000077 0.999742
1730230101.200034380 -0.000915 0.000590 -0.003076 0.014463 -0.017523 0.000153 0.999742
1730230101.300031424 -0.000921 0.000643 -0.001656 0.014456 -0.017530 0.000138 0.999742
1730230101.400026560 -0.000950 0.000657 -0.001323 0.014469 -0.017556 0.000122 0.999741
1730230101.500024557 -0.000967 0.000687 -0.000228 0.014469 -0.017571 0.000077 0.999741
1730230101.600026369 -0.000949 0.000680 0.000759 0.014479 -0.017569 0.000061 0.999741
1730230101.700025558 -0.000946 0.000632 0.001676 0.014514 -0.017592 0.000117 0.999740
1730230101.800022364 -0.000887 0.000574 0.002467 0.014505 -0.017625 0.000181 0.999739
1730230101.900023460 -0.000790 0.000553 0.003176 0.014466 -0.017635 0.000149 0.999740
1730230102.003226519 -0.000733 0.000547 0.003817 0.014482 -0.017594 0.000070 0.999740
1730230102.099902868 -0.000697 0.000605 0.004314 0.014510 -0.017616 0.000071 0.999739
1730230102.303225517 -0.000650 0.000675 0.005122 0.014525 -0.017630 0.000044 0.999739
1730230102.400025368 -0.000634 0.000653 0.005452 0.014559 -0.017675 0.000108 0.999738
1730230102.600025415 -0.000448 0.000542 0.005871 0.014560 -0.017705 0.000060 0.999737
1730230102.703112364 -0.000367 0.000587 0.005965 0.014556 -0.017716 -0.000030 0.999737
1730230102.800027370 -0.000312 0.000616 0.006014 0.014583 -0.017752 -0.000024 0.999736
1730230102.900028467 -0.000251 0.000618 0.006015 0.014530 -0.017770 -0.000058 0.999736
1730230103.000026464 -0.000245 0.000638 0.006023 0.014499 -0.017793 -0.000091 0.999737
1730230103.099977255 -0.000278 0.000679 0.005982 0.014521 -0.017814 -0.000053 0.999736
1730230103.200023174 -0.000308 0.000723 0.005908 0.014523 -0.017848 -0.000127 0.999735
1730230103.300024271 -0.000395 0.000730 0.005830 0.014546 -0.017883 -0.000213 0.999734
1730230103.400023222 -0.000528 0.000742 0.005739 0.014526 -0.017953 -0.000144 0.999733
1730230103.500022173 -0.000725 0.000691 0.005640 0.014563 -0.017967 -0.000142 0.999732
1730230103.700023174 -0.001268 0.000511 0.005473 0.014451 -0.017941 -0.000192 0.999735
1730230103.803226471 -0.001620 0.000394 0.004675 0.014431 -0.017959 -0.000258 0.999734
1730230103.900024176 -0.002088 0.000315 0.004556 0.014483 -0.017946 -0.000251 0.999734
1730230104.000021219 -0.002642 0.000226 0.004394 0.014506 -0.017896 -0.000226 0.999735
1730230104.200023651 -0.003544 0.000056 0.000510 0.014493 -0.017831 -0.000198 0.999736
1730230104.303224564 -0.004821 -0.000092 0.000409 0.014485 -0.017751 -0.000085 0.999737
1730230104.400023460 -0.006681 -0.000165 0.000328 0.014463 -0.017631 -0.000082 0.999740
1730230104.600022554 -0.010154 -0.000213 0.000151 0.014366 -0.017351 -0.000230 0.999746
1730230104.700022459 -0.012735 -0.000218 0.000052 0.014392 -0.017156 -0.000185 0.999749
1730230104.800022602 -0.018672 -0.000358 -0.000187 0.014716 -0.016671 -0.000465 0.999753
1730230104.900020599 -0.031250 -0.001577 -0.000542 0.015445 -0.016139 -0.001446 0.999749
1730230105.003224611 -0.048275 -0.001797 -0.000907 0.015776 -0.015470 -0.001997 0.999754
1730230105.200019360 -0.082430 -0.002050 -0.001637 0.016053 -0.014447 -0.002759 0.999763
1730230105.300031424 -0.098383 -0.002428 -0.001966 0.015509 -0.013965 -0.004761 0.999771
1730230105.400025368 -0.113062 -0.002629 -0.002005 0.015702 -0.013504 -0.004491 0.999775
1730230105.500026464 -0.128114 -0.002144 -0.002338 0.015686 -0.013079 -0.005443 0.999777
1730230105.600025415 -0.144653 -0.001797 -0.004844 0.015728 -0.012791 -0.005239 0.999781
1730230105.700024366 -0.161107 -0.001442 -0.005068 0.015711 -0.012611 -0.005453 0.999782
1730230105.800028563 -0.177419 -0.000732 -0.005176 0.015461 -0.012517 -0.005501 0.999787
1730230105.900024414 -0.194451 -0.000291 -0.005370 0.015287 -0.012199 -0.005507 0.999794
1730230106.003239632 -0.214528 0.000398 -0.005681 0.015003 -0.012126 -0.005864 0.999797
1730230106.203226566 -0.255830 0.001018 -0.006332 0.014900 -0.011675 -0.006151 0.999802
1730230106.403217554 -0.296812 0.002098 -0.006986 0.014853 -0.010945 -0.006779 0.999807
1730230106.600027323 -0.338739 0.002647 -0.006570 0.014676 -0.010061 -0.007928 0.999810
1730230106.703117371 -0.360321 0.002886 -0.006125 0.014736 -0.009865 -0.007644 0.999814
1730230106.903222561 -0.400763 0.004142 -0.005104 0.014267 -0.009503 -0.008054 0.999821
1730230107.000028372 -0.418801 0.004841 -0.004706 0.014030 -0.009437 -0.008280 0.999823
1730230107.099974155 -0.436136 0.005272 -0.004305 0.014013 -0.009605 -0.008467 0.999820
1730230107.200021267 -0.451404 0.005631 -0.003935 0.014302 -0.009422 -0.008224 0.999819
1730230107.300023317 -0.465386 0.006196 -0.003567 0.014232 -0.009505 -0.008088 0.999821
1730230107.400025368 -0.479845 0.007497 -0.003194 0.013978 -0.009521 -0.007915 0.999826
1730230107.500028372 -0.492370 0.008176 -0.002871 0.014007 -0.009624 -0.007457 0.999828
1730230107.700023174 -0.496857 0.008485 -0.000621 0.014975 -0.009279 -0.006216 0.999825
1730230107.803237677 -0.489574 0.009793 0.000799 0.014503 -0.009921 -0.008087 0.999813
1730230107.900025368 -0.479938 0.009447 0.001689 0.013178 -0.010655 -0.013853 0.999760
1730230108.000031233 -0.470336 0.009164 0.000646 0.012343 -0.011521 -0.019767 0.999662
1730230108.200039625 -0.456366 0.008995 0.000391 0.009842 -0.012809 -0.026108 0.999529
1730230108.300038576 -0.455427 0.009869 0.000290 0.009811 -0.012947 -0.026414 0.999519
1730230108.400035620 -0.456055 0.010141 0.000179 0.009996 -0.012922 -0.026436 0.999517
1730230108.500033617 -0.455353 0.011300 -0.000074 0.010270 -0.012961 -0.027195 0.999493
1730230108.600034475 -0.455440 0.011371 -0.000072 0.010294 -0.012973 -0.027209 0.999492
1730230108.700034618 -0.455323 0.011439 -0.000081 0.010199 -0.013002 -0.027327 0.999490
1730230108.800033569 -0.454847 0.011017 0.000035 0.010110 -0.013256 -0.027607 0.999480
1730230108.900035620 -0.454832 0.010095 0.000085 0.009774 -0.013463 -0.028053 0.999468
1730230109.003232479 -0.455245 0.009768 0.000030 0.009567 -0.013584 -0.028250 0.999463
1730230109.200026512 -0.456137 0.008844 -0.000177 0.008877 -0.014070 -0.029065 0.999439
1730230109.300024509 -0.456633 0.008524 -0.000757 0.008481 -0.014442 -0.029407 0.999427
1730230109.400028467 -0.458002 0.008706 -0.000755 0.008060 -0.014604 -0.029801 0.999417
1730230109.500025511 -0.459721 0.009119 -0.000748 0.007641 -0.014751 -0.030139 0.999408
1730230109.600025415 -0.461745 0.010044 -0.000752 0.007284 -0.014818 -0.030730 0.999391
1730230109.700021505 -0.464436 0.011634 -0.000864 0.007014 -0.014992 -0.032341 0.999340
1730230109.800020456 -0.467361 0.013321 -0.000864 0.006558 -0.014875 -0.033042 0.999322
1730230109.900019407 -0.471577 0.015848 -0.001398 0.005911 -0.014431 -0.033564 0.999315
1730230110.003225565 -0.475485 0.019435 -0.001467 0.005450 -0.014097 -0.034351 0.999296
1730230110.203228474 -0.483311 0.028908 -0.001749 0.004782 -0.013121 -0.035966 0.999255
1730230110.403232574 -0.492176 0.043992 -0.007214 0.005493 -0.011406 -0.037612 0.999212
1730230110.500029325 -0.495748 0.052380 -0.007573 0.005399 -0.010904 -0.040930 0.999088
1730230110.700031281 -0.499731 0.074238 -0.010207 0.006754 -0.010495 -0.060003 0.998120
1730230110.803247452 -0.501709 0.085628 -0.012297 0.006165 -0.009812 -0.073509 0.997227
1730230111.003220558 -0.498998 0.110201 -0.015107 0.005501 -0.007579 -0.096706 0.995269
1730230111.203212500 -0.488929 0.137557 -0.019364 0.003742 -0.006041 -0.121224 0.992600
1730230111.300050259 -0.486823 0.148427 -0.023357 0.002084 -0.006336 -0.137986 0.990412
1730230111.499993324 -0.480580 0.159527 -0.033527 0.006975 -0.009109 -0.199627 0.979805
1730230111.600043297 -0.472187 0.172370 -0.030525 0.004609 -0.007096 -0.229548 0.973260
1730230111.700037241 -0.462380 0.185634 -0.028160 0.003621 -0.007655 -0.255544 0.966760
1730230111.800024271 -0.452353 0.195789 -0.028654 0.002235 -0.008176 -0.276704 0.960918
1730230111.900110245 -0.444981 0.199866 -0.031650 0.001150 -0.007283 -0.306611 0.951806
1730230112.003255367 -0.438419 0.199436 -0.035144 0.006837 -0.008528 -0.335461 0.941991
1730230112.200023413 -0.418369 0.212856 -0.029954 0.000975 -0.010170 -0.387773 0.921698
1730230112.300051451 -0.410151 0.219299 -0.029044 0.001024 -0.013105 -0.409416 0.912253
1730230112.400044441 -0.406897 0.222957 -0.035642 0.004632 -0.014553 -0.446916 0.894446
1730230112.499986410 -0.397874 0.227895 -0.032426 0.005517 -0.015788 -0.466971 0.884115
1730230112.600006342 -0.388965 0.233997 -0.028674 0.004064 -0.015610 -0.492206 0.870330
1730230112.700030327 -0.378001 0.238827 -0.026041 0.003919 -0.016199 -0.503151 0.864038
1730230112.800018311 -0.370197 0.241124 -0.024408 0.004060 -0.017409 -0.509705 0.860164
1730230112.900039434 -0.364418 0.241376 -0.023385 0.002525 -0.016875 -0.515798 0.856541
1730230113.003227234 -0.357247 0.243112 -0.022853 0.002801 -0.018330 -0.521065 0.853315
1730230113.200033426 -0.342663 0.247701 -0.023941 0.000699 -0.015562 -0.533121 0.845895
1730230113.300018311 -0.340099 0.246248 -0.023704 0.001148 -0.015782 -0.537957 0.842824
1730230113.400052309 -0.338673 0.243263 -0.024462 0.000539 -0.015236 -0.544545 0.838593
1730230113.500021458 -0.337497 0.240100 -0.024863 0.002516 -0.016506 -0.547527 0.836621
1730230113.600029469 -0.333170 0.238968 -0.024367 0.000996 -0.016859 -0.549429 0.835370
1730230113.703129530 -0.330781 0.236438 -0.021700 0.000770 -0.017139 -0.541160 0.840744
1730230113.800015450 -0.331283 0.232591 -0.020313 0.000711 -0.016549 -0.535217 0.844552
1730230114.003216505 -0.330609 0.224401 -0.018696 -0.000730 -0.016086 -0.524146 0.851476
1730230114.099962234 -0.329707 0.217827 -0.017968 0.000492 -0.016714 -0.520674 0.853592
1730230114.200024366 -0.326086 0.204575 -0.017824 -0.000682 -0.016265 -0.518387 0.854991
1730230114.300033331 -0.316857 0.181972 -0.017178 -0.001661 -0.016289 -0.517324 0.855633
1730230114.400029182 -0.300984 0.146163 -0.018103 -0.000568 -0.015289 -0.516448 0.856182
1730230114.500031233 -0.278565 0.097169 -0.017841 -0.000103 -0.014746 -0.515009 0.857058
1730230114.703113556 -0.217894 -0.016035 -0.018908 -0.002137 -0.014871 -0.511474 0.859168
1730230114.800045252 -0.190495 -0.067529 -0.017747 -0.004497 -0.015076 -0.508397 0.860979
1730230114.900046349 -0.165154 -0.115832 -0.016996 -0.004634 -0.015166 -0.506902 0.861858
1730230115.000037193 -0.141086 -0.160137 -0.016382 -0.004953 -0.015361 -0.507295 0.861621
1730230115.200037479 -0.093891 -0.242823 -0.015247 -0.006140 -0.015447 -0.509871 0.860090
1730230115.300044537 -0.069905 -0.283347 -0.014869 -0.007065 -0.015025 -0.512234 0.858686
1730230115.403247595 -0.045525 -0.325929 -0.014756 -0.008384 -0.015440 -0.521308 0.853188
1730230115.600022554 -0.001969 -0.407980 -0.013434 -0.008840 -0.015976 -0.529041 0.848400
1730230115.700010538 0.020984 -0.449604 -0.013987 -0.009741 -0.014568 -0.540635 0.841074
1730230115.800067663 0.044704 -0.489940 -0.012933 -0.010606 -0.014054 -0.540236 0.841329
1730230115.900005579 0.063778 -0.529944 -0.011323 -0.008283 -0.015854 -0.534364 0.845066
1730230116.003224373 0.081723 -0.569845 -0.009747 -0.006960 -0.015710 -0.531286 0.847018
1730230116.200024605 0.115296 -0.644046 -0.007405 -0.003612 -0.016205 -0.526464 0.850035
1730230116.300015450 0.133072 -0.681182 -0.006311 -0.002194 -0.016364 -0.525004 0.850940
1730230116.400030613 0.151093 -0.717268 -0.005137 -0.003507 -0.016190 -0.523781 0.851692
1730230116.500024557 0.169938 -0.752743 -0.003485 -0.004699 -0.016365 -0.521426 0.853127
1730230116.600036621 0.188041 -0.788343 -0.002071 -0.005548 -0.016607 -0.520001 0.853986
1730230116.700031519 0.206397 -0.823965 -0.001003 -0.005977 -0.016771 -0.518288 0.855021
1730230116.800029516 0.224791 -0.859842 -0.000032 -0.006943 -0.016652 -0.517352 0.855583
1730230116.900032520 0.243320 -0.895571 0.000999 -0.007445 -0.016366 -0.515205 0.856878
1730230117.003238440 0.261180 -0.932888 0.001538 -0.007373 -0.016539 -0.515072 0.856956
1730230117.200021505 0.296233 -1.003890 0.002067 -0.007434 -0.016358 -0.513717 0.857772
1730230117.300034523 0.314009 -1.039533 0.003257 -0.006493 -0.016401 -0.513334 0.858008
1730230117.400017500 0.331224 -1.075632 0.004528 -0.005156 -0.016708 -0.511118 0.859332
1730230117.500023365 0.350403 -1.111976 0.005424 -0.005147 -0.016469 -0.511314 0.859221
1730230117.600006342 0.370214 -1.148197 0.006857 -0.005851 -0.016524 -0.510268 0.859837
1730230117.700039387 0.391105 -1.182585 0.008805 -0.007860 -0.016419 -0.506446 0.862079
1730230117.800040483 0.411248 -1.215536 0.009764 -0.007887 -0.016196 -0.505639 0.862557
1730230117.900030375 0.429559 -1.247070 0.010724 -0.007659 -0.016522 -0.504579 0.863174
1730230118.003229380 0.448341 -1.279849 0.011923 -0.007519 -0.017325 -0.505054 0.862881
1730230118.200023413 0.484438 -1.345973 0.013778 -0.006698 -0.017857 -0.504346 0.863291
1730230118.300034285 0.503868 -1.378128 0.014648 -0.006947 -0.018305 -0.505879 0.862382
1730230118.400026321 0.521975 -1.410916 0.015354 -0.006025 -0.019081 -0.504559 0.863145
1730230118.500025272 0.541102 -1.444743 0.016235 -0.005780 -0.019392 -0.505137 0.862802
1730230118.600024462 0.561753 -1.479435 0.017090 -0.005606 -0.019669 -0.504696 0.863055
1730230118.703118324 0.582469 -1.515271 0.017821 -0.005907 -0.019869 -0.504497 0.863165
1730230118.900025368 0.621790 -1.581862 0.020072 -0.006388 -0.020115 -0.503309 0.863849
1730230119.003234386 0.640434 -1.614566 0.020724 -0.005797 -0.020401 -0.503598 0.863678
1730230119.203235388 0.677174 -1.679249 0.019129 -0.005697 -0.020576 -0.503675 0.863629
1730230119.403232574 0.713961 -1.744979 0.019762 -0.006270 -0.019885 -0.503933 0.863491
1730230119.600036144 0.748465 -1.809781 0.021277 -0.005901 -0.019343 -0.503538 0.863737
1730230119.713222742 0.768622 -1.845647 0.022421 -0.006223 -0.018315 -0.503751 0.863633
1730230119.903229475 0.802904 -1.905707 0.025094 -0.007051 -0.017076 -0.503329 0.863897
1730230120.000045300 0.819741 -1.936722 0.026172 -0.007155 -0.016931 -0.503547 0.863773
1730230120.200042486 0.854697 -2.001076 0.025484 -0.006980 -0.016678 -0.503503 0.863804
1730230120.300037622 0.871985 -2.033382 0.025983 -0.006510 -0.016474 -0.503004 0.864102
1730230120.400027514 0.889743 -2.065708 0.026340 -0.006270 -0.016341 -0.503189 0.863999
1730230120.500035524 0.908495 -2.097676 0.026512 -0.006350 -0.015937 -0.503566 0.863787
1730230120.600036621 0.927019 -2.130010 0.027054 -0.006556 -0.016019 -0.503225 0.863982
1730230120.700031519 0.945194 -2.162054 0.027231 -0.006074 -0.015987 -0.504339 0.863336
1730230120.800030470 0.963758 -2.193300 0.027334 -0.005832 -0.016095 -0.503885 0.863601
1730230120.900023460 0.982880 -2.224805 0.027274 -0.005819 -0.016308 -0.503920 0.863577
1730230121.003234386 1.003200 -2.256810 0.027330 -0.005979 -0.016562 -0.504078 0.863479
1730230121.200029373 1.043473 -2.318412 0.028108 -0.007243 -0.016856 -0.504247 0.863364
1730230121.300023556 1.064373 -2.348576 0.027930 -0.007064 -0.016964 -0.503521 0.863787
1730230121.400006533 1.083579 -2.379628 0.027865 -0.006790 -0.017747 -0.507884 0.861216
1730230121.500019550 1.104245 -2.411447 0.025778 -0.008944 -0.016189 -0.525046 0.850873
1730230121.600021362 1.124211 -2.444890 0.023654 -0.009021 -0.016284 -0.536976 0.843392
1730230121.700034380 1.142943 -2.478980 0.023379 -0.009236 -0.016061 -0.540407 0.841200
1730230121.800027370 1.161012 -2.512562 0.024102 -0.009036 -0.016188 -0.537563 0.843020
1730230121.900027514 1.179123 -2.545873 0.025991 -0.008099 -0.016498 -0.536530 0.843681
1730230122.003239393 1.198552 -2.578145 0.027437 -0.007778 -0.016282 -0.535639 0.844254
1730230122.203245401 1.235267 -2.641638 0.029236 -0.006956 -0.016589 -0.545604 0.837850
1730230122.400006294 1.271508 -2.705234 0.028493 -0.006658 -0.016574 -0.566948 0.823559
1730230122.500029325 1.288096 -2.737897 0.030172 -0.005790 -0.016771 -0.562749 0.826437
1730230122.600021362 1.304242 -2.770965 0.032668 -0.005050 -0.016697 -0.558315 0.829446
1730230122.700037241 1.320737 -2.803270 0.035175 -0.004546 -0.015511 -0.554966 0.831716
1730230122.800027370 1.337319 -2.834551 0.037517 -0.002182 -0.015858 -0.551480 0.834035
1730230122.900011301 1.354667 -2.864844 0.039256 -0.001026 -0.016283 -0.550795 0.834481
1730230123.003239393 1.370914 -2.894330 0.038211 -0.000863 -0.016672 -0.561597 0.827243
1730230123.200076342 1.399478 -2.957856 0.034653 -0.004741 -0.009772 -0.617937 0.786153
1730230123.300019264 1.408640 -2.992888 0.032244 -0.002688 -0.012871 -0.633780 0.773402
1730230123.400025368 1.412455 -3.028917 0.034690 -0.001670 -0.014563 -0.629164 0.777134
1730230123.500026464 1.421212 -3.061419 0.036023 -0.001782 -0.014039 -0.627077 0.778828
1730230123.600032330 1.432123 -3.092138 0.036451 -0.003079 -0.013679 -0.624006 0.781294
1730230123.700044394 1.443160 -3.124164 0.037298 -0.003983 -0.013749 -0.622819 0.782235
1730230123.800029278 1.453625 -3.157055 0.037245 -0.003129 -0.014289 -0.621260 0.783467
1730230123.900037289 1.464529 -3.190068 0.037259 -0.004446 -0.013902 -0.620487 0.784081
1730230124.003226280 1.476366 -3.223554 0.036806 -0.005415 -0.013960 -0.619392 0.784940
1730230124.200011253 1.495907 -3.289533 0.033121 -0.004190 -0.013709 -0.641887 0.766665
1730230124.300031424 1.507190 -3.323769 0.031558 -0.004915 -0.011546 -0.655779 0.754848
1730230124.400026321 1.515447 -3.359013 0.031453 -0.005013 -0.013580 -0.650858 0.759061
1730230124.500024319 1.521670 -3.393899 0.031727 -0.005746 -0.013663 -0.646809 0.762508
1730230124.600039244 1.527924 -3.427632 0.031374 -0.006180 -0.013589 -0.643158 0.765588
1730230124.703117609 1.533825 -3.461314 0.030676 -0.006523 -0.013878 -0.639687 0.768483
1730230124.903237581 1.545527 -3.527312 0.029999 -0.005453 -0.016192 -0.641569 0.766875
1730230125.000017405 1.547252 -3.559649 0.029099 -0.004968 -0.017297 -0.652636 0.757458
1730230125.099985361 1.550978 -3.592308 0.029222 -0.004973 -0.017978 -0.650101 0.759619
1730230125.200030327 1.556309 -3.625495 0.031179 -0.006114 -0.017175 -0.646906 0.762352
1730230125.300040245 1.561855 -3.658408 0.032558 -0.006694 -0.016840 -0.644757 0.764173
1730230125.400038242 1.568021 -3.691440 0.033518 -0.007592 -0.016527 -0.641519 0.766892
1730230125.500039339 1.572496 -3.724594 0.034477 -0.008336 -0.016426 -0.639893 0.768243
1730230125.703127384 1.583310 -3.790562 0.034833 -0.007839 -0.017110 -0.650137 0.759584
1730230125.903226376 1.591737 -3.857113 0.036473 -0.008580 -0.016911 -0.649115 0.760454
1730230126.000033140 1.594927 -3.888771 0.037564 -0.008443 -0.016416 -0.646124 0.763009
1730230126.200030565 1.604897 -3.952381 0.038146 -0.008476 -0.016233 -0.641550 0.766862
1730230126.300032616 1.611397 -3.984188 0.039014 -0.008773 -0.015946 -0.640884 0.767422
1730230126.400033474 1.616944 -4.015622 0.039947 -0.009658 -0.015343 -0.639860 0.768277
1730230126.500032663 1.622035 -4.045714 0.040887 -0.010040 -0.015116 -0.638694 0.769246
1730230126.600038528 1.626921 -4.074698 0.041981 -0.009398 -0.014850 -0.637678 0.770102
1730230126.700024605 1.631668 -4.104267 0.042757 -0.008658 -0.015167 -0.637442 0.770300
1730230126.800023556 1.637913 -4.134732 0.043392 -0.008703 -0.014997 -0.637282 0.770436
1730230126.903232574 1.644399 -4.166686 0.043794 -0.008612 -0.014872 -0.637718 0.770078
1730230127.000027657 1.649493 -4.197342 0.044687 -0.008116 -0.014920 -0.637971 0.769873
1730230127.200040579 1.662236 -4.260196 0.045121 -0.007963 -0.015521 -0.642623 0.765984
1730230127.300023556 1.668759 -4.292123 0.045666 -0.007393 -0.015910 -0.647476 0.761884
1730230127.400017500 1.673934 -4.324038 0.046908 -0.006962 -0.015976 -0.644056 0.764780
1730230127.500026464 1.678786 -4.356071 0.047554 -0.006929 -0.015884 -0.643511 0.765240
1730230127.600026369 1.684662 -4.387891 0.048590 -0.006866 -0.015585 -0.642544 0.766060
1730230127.700025558 1.689906 -4.419452 0.049488 -0.006209 -0.015534 -0.641091 0.767282
1730230127.800022364 1.694739 -4.451605 0.050068 -0.005765 -0.015588 -0.640954 0.767399
1730230127.900024414 1.701342 -4.483715 0.050791 -0.005844 -0.015189 -0.641035 0.767339
1730230128.003222466 1.707910 -4.516538 0.051070 -0.006188 -0.015048 -0.640926 0.767430
1730230128.203252554 1.719325 -4.580933 0.052244 -0.006079 -0.015061 -0.648342 0.761176
1730230128.400022268 1.731013 -4.647084 0.053555 -0.007781 -0.013778 -0.650927 0.758976
1730230128.500025272 1.736761 -4.679393 0.053662 -0.008660 -0.012951 -0.649485 0.760215
1730230128.600026369 1.744629 -4.711706 0.053484 -0.009276 -0.012802 -0.648371 0.761160
1730230128.700036287 1.750670 -4.743883 0.053424 -0.008778 -0.012840 -0.647728 0.761713
1730230128.800030470 1.755469 -4.776124 0.053643 -0.008354 -0.012750 -0.646054 0.763139
1730230128.900027275 1.760539 -4.808273 0.054372 -0.006686 -0.013403 -0.645063 0.763982
1730230129.003235579 1.765369 -4.840412 0.054119 -0.006334 -0.013477 -0.645695 0.763450
1730230129.203227520 1.777669 -4.905498 0.053567 -0.007353 -0.012677 -0.656744 0.753971
1730230129.300025225 1.782362 -4.938412 0.054044 -0.007344 -0.013011 -0.655060 0.755429
1730230129.503223419 1.793783 -5.002234 0.052075 -0.008554 -0.012735 -0.652102 0.757976
1730230129.700023174 1.802015 -5.064267 0.052240 -0.006577 -0.013037 -0.650483 0.759381
1730230129.803222418 1.808516 -5.094882 0.050723 -0.006494 -0.012705 -0.649535 0.760198
1730230130.003224373 1.822412 -5.157819 0.050935 -0.007554 -0.013188 -0.649107 0.760546
1730230130.200028658 1.838716 -5.220922 0.050767 -0.007496 -0.012665 -0.648639 0.760954
1730230130.300032616 1.848135 -5.253261 0.050689 -0.006696 -0.013056 -0.648217 0.761314
1730230130.400022507 1.855901 -5.286226 0.050749 -0.005921 -0.013403 -0.648269 0.761271
1730230130.500028610 1.865305 -5.318864 0.050454 -0.006311 -0.013507 -0.652474 0.757664
1730230130.600021601 1.873885 -5.352541 0.048619 -0.007194 -0.013477 -0.665482 0.746257
1730230130.700033665 1.880164 -5.388760 0.044993 -0.007671 -0.009918 -0.692231 0.721567
1730230130.800045490 1.886405 -5.425166 0.040047 -0.008634 -0.009517 -0.715205 0.698797
1730230130.900084496 1.882091 -5.459605 0.035114 -0.006807 -0.011947 -0.737071 0.675675
1730230131.003253460 1.870962 -5.496300 0.035340 -0.003715 -0.015799 -0.734005 0.678950
1730230131.200030565 1.872068 -5.564599 0.037712 -0.005097 -0.016548 -0.731889 0.681204
1730230131.300022602 1.873259 -5.598169 0.038111 -0.006062 -0.016971 -0.730101 0.683102
1730230131.400042534 1.874670 -5.631850 0.038455 -0.006911 -0.016638 -0.728906 0.684377
1730230131.500038624 1.874244 -5.664770 0.039070 -0.006760 -0.016381 -0.728510 0.684806
1730230131.600038528 1.874226 -5.697422 0.039456 -0.006778 -0.016100 -0.727059 0.686353
1730230131.700040579 1.873786 -5.729059 0.039291 -0.006918 -0.016075 -0.726457 0.686989
1730230131.800035477 1.872758 -5.761432 0.038986 -0.005804 -0.016232 -0.725820 0.687669
1730230131.900027514 1.870519 -5.794751 0.039091 -0.005931 -0.016414 -0.724718 0.688824
1730230132.003222466 1.870524 -5.828517 0.035450 -0.006245 -0.015998 -0.724134 0.689445
1730230132.200027466 1.866375 -5.903561 0.035049 -0.006577 -0.015446 -0.723731 0.689878
1730230132.300030470 1.865257 -5.941841 0.034807 -0.006787 -0.014966 -0.724319 0.689270
1730230132.400025368 1.863895 -5.979833 0.034688 -0.007663 -0.014621 -0.723712 0.689905
1730230132.500030518 1.863381 -6.017857 0.034523 -0.008467 -0.014240 -0.723891 0.689715
1730230132.600028515 1.861511 -6.054819 0.034260 -0.008583 -0.014069 -0.723522 0.690104
1730230132.700026512 1.859633 -6.091753 0.034694 -0.008763 -0.014096 -0.723440 0.690188
1730230132.800024509 1.857446 -6.128626 0.035102 -0.008452 -0.014376 -0.723123 0.690519
1730230132.900021553 1.855766 -6.165620 0.036407 -0.008435 -0.014854 -0.722696 0.690955
1730230133.003235340 1.854630 -6.203479 0.037624 -0.008433 -0.015134 -0.722639 0.691009
1730230133.200023413 1.850295 -6.276604 0.040613 -0.007999 -0.015806 -0.722164 0.691495
1730230133.300018311 1.847522 -6.312716 0.040537 -0.007592 -0.016689 -0.722092 0.691554
1730230133.400017262 1.846175 -6.349137 0.041864 -0.007852 -0.016855 -0.722152 0.691485
1730230133.500022411 1.844304 -6.385869 0.043370 -0.007739 -0.016951 -0.722083 0.691555
1730230133.600016356 1.841606 -6.422495 0.044648 -0.007596 -0.017191 -0.722071 0.691563
1730230133.700020313 1.840126 -6.458798 0.045827 -0.007862 -0.017137 -0.722037 0.691597
1730230133.800019264 1.838137 -6.495019 0.045601 -0.007850 -0.017004 -0.722278 0.691350
1730230133.900016308 1.836495 -6.531197 0.045450 -0.008040 -0.016910 -0.722213 0.691417
1730230134.003230333 1.834702 -6.568156 0.044979 -0.008097 -0.016494 -0.722448 0.691182
1730230134.099969149 1.831076 -6.603361 0.045077 -0.008141 -0.016617 -0.722768 0.690843
1730230134.300024271 1.824822 -6.674990 0.043846 -0.007040 -0.016708 -0.723172 0.690430
1730230134.400016308 1.821336 -6.710830 0.044064 -0.006701 -0.016232 -0.723047 0.690576
1730230134.500034332 1.819267 -6.746484 0.044250 -0.007101 -0.015416 -0.723325 0.690299
1730230134.600029230 1.815227 -6.781961 0.044275 -0.006789 -0.014909 -0.723520 0.690109
1730230134.703114510 1.814012 -6.818260 0.044047 -0.007275 -0.013460 -0.723893 0.689742
1730230134.903233528 1.809722 -6.890206 0.044863 -0.007375 -0.011263 -0.724370 0.689280
1730230135.000038147 1.808474 -6.925954 0.045203 -0.007047 -0.010167 -0.724298 0.689377
1730230135.200030565 1.810568 -7.001410 0.045524 -0.006680 -0.007141 -0.724728 0.688965
1730230135.300024509 1.812147 -7.039972 0.045853 -0.006357 -0.005801 -0.725582 0.688082
1730230135.400024652 1.815387 -7.080218 0.046243 -0.006235 -0.004690 -0.725912 0.687744
1730230135.500022650 1.820140 -7.122533 0.046877 -0.006158 -0.003528 -0.726822 0.686789
1730230135.600021601 1.826358 -7.165600 0.047392 -0.006408 -0.002874 -0.727167 0.686425
1730230135.700023651 1.834748 -7.210517 0.047524 -0.006625 -0.002633 -0.728097 0.685437
1730230135.800011635 1.843749 -7.257150 0.047807 -0.006572 -0.002677 -0.732566 0.680659
1730230135.900018454 1.855388 -7.306425 0.047296 -0.007133 -0.002621 -0.740992 0.671471
1730230136.003218651 1.868335 -7.361127 0.046688 -0.007547 -0.001174 -0.754359 0.656418
1730230136.200031519 1.893587 -7.468826 0.044307 -0.007660 -0.005769 -0.774032 0.633074
1730230136.300033569 1.904724 -7.525740 0.041712 -0.008154 -0.006157 -0.784709 0.619780
1730230136.400048494 1.912581 -7.580049 0.039115 -0.007784 -0.009244 -0.796295 0.604789
1730230136.500038624 1.913518 -7.630216 0.028554 -0.002604 -0.016247 -0.814740 0.579593
1730230136.599985600 1.908930 -7.681650 0.024481 -0.001891 -0.019811 -0.836236 0.548008
1730230136.699984550 1.904041 -7.726925 0.029329 -0.001590 -0.022314 -0.862316 0.505876
1730230136.803223372 1.899808 -7.773867 0.028830 0.000462 0.021096 0.883184 -0.468552
1730230137.003261566 1.864004 -7.847219 0.024469 -0.003158 0.025083 0.925036 -0.379038
1730230137.200024366 1.817304 -7.899644 0.024790 -0.006873 0.023715 0.957503 -0.287366
1730230137.303253651 1.783980 -7.919494 0.018923 -0.006399 0.024969 0.971402 -0.236040
1730230137.500043392 1.725488 -7.952216 0.026272 -0.002254 0.017877 0.986100 -0.165173
1730230137.600024462 1.694176 -7.970428 0.029069 0.001618 0.017822 0.986341 -0.163742
1730230137.700018406 1.661531 -7.991780 0.033893 0.004257 0.016431 0.985900 -0.166474
1730230137.800025463 1.627957 -8.013604 0.036412 0.005058 0.015368 0.986724 -0.161597
1730230137.903232574 1.592167 -8.033219 0.036059 0.005897 0.014479 0.988739 -0.148830
1730230138.000031471 1.557233 -8.049097 0.033996 0.005147 0.014028 0.992529 -0.121090
1730230138.199987411 1.474175 -8.053775 0.016794 0.005820 0.015533 0.999786 -0.012341
1730230138.300045252 1.431741 -8.049945 0.017884 0.006144 0.013727 0.998342 0.055563
1730230138.400029421 1.388239 -8.047877 0.017358 0.009081 0.017872 0.996230 0.084406
1730230138.499991417 1.343623 -8.048521 0.018020 0.015108 0.019410 0.995170 0.095031
1730230138.600007296 1.301607 -8.052494 0.020802 0.018730 0.016894 0.995660 0.089587
1730230138.703114510 1.261488 -8.058860 0.023384 0.020024 0.013916 0.995879 0.087353
1730230138.903233528 1.187510 -8.064434 0.024319 0.020609 0.013695 0.996532 0.079449
1730230139.000030279 1.151936 -8.065436 0.024798 0.020798 0.013806 0.996771 0.076318
1730230139.203233480 1.076572 -8.063828 0.022873 0.021532 0.013993 0.997293 0.068896
1730230139.403239489 1.003330 -8.058733 0.021236 0.022389 0.012738 0.997604 0.064217
1730230139.600035429 0.933524 -8.050134 0.019266 0.021832 0.011022 0.997861 0.060629
1730230139.703120470 0.897557 -8.043494 0.017750 0.021482 0.010820 0.997891 0.060291
1730230139.903242588 0.827594 -8.028657 0.015612 0.020574 0.011131 0.998026 0.058281
1730230140.000026464 0.793613 -8.022594 0.014669 0.020394 0.010945 0.998069 0.057642
1730230140.099975348 0.758842 -8.014135 0.013311 0.020093 0.010895 0.998095 0.057304
1730230140.200026274 0.724153 -8.007666 0.011842 0.020081 0.011330 0.998252 0.054417
1730230140.300007343 0.688592 -8.004101 0.012561 0.020462 0.009452 0.998864 0.041977
1730230140.400051355 0.655511 -8.006301 0.009026 0.019262 0.005310 0.999587 0.020634
1730230140.500039339 0.621477 -8.007075 0.007915 0.019593 0.004892 0.999680 0.015238
1730230140.700026274 0.552959 -7.996576 0.006576 0.019714 0.005929 0.999661 0.015911
1730230140.803233624 0.517415 -7.994224 0.005876 0.019395 0.005783 0.999686 0.014781
1730230140.900022268 0.483835 -7.990585 0.005517 0.019398 0.005814 0.999688 0.014605
1730230141.000023365 0.449277 -7.988673 0.004457 0.019597 0.005492 0.999694 0.014060
1730230141.203235626 0.379137 -7.983103 0.002992 0.020342 0.006151 0.999680 0.013713
1730230141.400024652 0.310939 -7.978333 0.003115 0.021174 0.007272 0.999662 0.013202
1730230141.500031471 0.275161 -7.977318 0.002349 0.021401 0.007505 0.999663 0.012593
1730230141.600029469 0.235828 -7.975869 0.000685 0.021664 0.007630 0.999667 0.011798
1730230141.700026512 0.194770 -7.975254 -0.001138 0.021641 0.007512 0.999668 0.011786
1730230141.800034523 0.151755 -7.974661 -0.003037 0.021819 0.007680 0.999666 0.011541
1730230141.900023460 0.108247 -7.973385 -0.004959 0.021858 0.008340 0.999662 0.011317
1730230142.003231525 0.062891 -7.971894 -0.006960 0.021933 0.008832 0.999656 0.011361
1730230142.200035572 -0.024031 -7.969816 -0.012639 0.021942 0.009508 0.999661 0.010336
1730230142.303231478 -0.069485 -7.968341 -0.014847 0.022021 0.009818 0.999660 0.009892
1730230142.500034571 -0.159584 -7.966683 -0.019241 0.021952 0.010171 0.999660 0.009749
1730230142.600036383 -0.206271 -7.966857 -0.021539 0.022022 0.009589 0.999665 0.009623
1730230142.700050354 -0.253214 -7.966922 -0.022991 0.021999 0.008872 0.999673 0.009523
1730230142.800046444 -0.300361 -7.966518 -0.024547 0.021815 0.008529 0.999686 0.008941
1730230142.900035381 -0.347047 -7.965704 -0.025993 0.021707 0.008518 0.999691 0.008585
1730230143.003222466 -0.394752 -7.965861 -0.028069 0.021677 0.007551 0.999694 0.009165
1730230143.200040340 -0.486831 -7.964886 -0.030212 0.020930 0.006877 0.999709 0.009839
1730230143.300031424 -0.533533 -7.963377 -0.031940 0.020589 0.006807 0.999716 0.009912
1730230143.400040388 -0.580695 -7.961579 -0.033367 0.020139 0.006928 0.999717 0.010582
1730230143.500023365 -0.627987 -7.959701 -0.034809 0.019851 0.007311 0.999727 0.009931
1730230143.600030422 -0.675308 -7.958734 -0.036338 0.019624 0.007651 0.999732 0.009618
1730230143.700025320 -0.722323 -7.957225 -0.037633 0.019556 0.007901 0.999736 0.009060
1730230143.800031424 -0.769236 -7.956211 -0.039142 0.019499 0.007952 0.999736 0.009240
1730230143.900025368 -0.816038 -7.954988 -0.040418 0.019665 0.008187 0.999736 0.008616
1730230144.003220320 -0.863914 -7.953839 -0.042733 0.019542 0.008317 0.999742 0.008016
1730230144.200025320 -0.955601 -7.951441 -0.045383 0.019474 0.008240 0.999743 0.008187
1730230144.300023317 -1.001614 -7.950748 -0.046984 0.019614 0.007948 0.999748 0.007481
1730230144.400029182 -1.047673 -7.949698 -0.048593 0.019452 0.007627 0.999749 0.008093
1730230144.500022173 -1.094020 -7.948576 -0.050062 0.019417 0.007556 0.999754 0.007650
1730230144.600019217 -1.140370 -7.947574 -0.052163 0.019085 0.007187 0.999766 0.007252
1730230144.700024366 -1.185949 -7.946462 -0.056265 0.019180 0.007107 0.999770 0.006363
1730230144.800025225 -1.232321 -7.945008 -0.058164 0.019094 0.007331 0.999773 0.005955
1730230144.900019169 -1.278456 -7.943636 -0.059656 0.019497 0.007442 0.999768 0.005290
1730230145.003222227 -1.325325 -7.942557 -0.062428 0.019808 0.007449 0.999767 0.004158
1730230145.200023174 -1.417010 -7.940196 -0.064998 0.020022 0.007684 0.999767 0.002408
1730230145.300017357 -1.463711 -7.939681 -0.067103 0.019896 0.007673 0.999773 -0.000484
1730230145.400023222 -1.510987 -7.941386 -0.068546 0.019613 0.006098 0.999786 -0.002320
1730230145.500033140 -1.557699 -7.941416 -0.069418 0.019718 0.005962 0.999784 -0.002751
1730230145.600034237 -1.603668 -7.940794 -0.070875 0.019862 0.005874 0.999783 -0.002353
1730230145.700038195 -1.649505 -7.940367 -0.071976 0.019882 0.006215 0.999779 -0.002980
1730230145.800025225 -1.695394 -7.939087 -0.073385 0.019581 0.006817 0.999781 -0.002672
1730230145.900030136 -1.741474 -7.938959 -0.074671 0.019840 0.007096 0.999774 -0.002650
1730230146.003222227 -1.788702 -7.938097 -0.077018 0.019666 0.007575 0.999774 -0.002682
1730230146.200027466 -1.879322 -7.936940 -0.080155 0.020055 0.007767 0.999767 -0.001924
1730230146.300023556 -1.925047 -7.936692 -0.082197 0.020170 0.007683 0.999765 -0.002203
1730230146.400033474 -1.971492 -7.936929 -0.083831 0.019735 0.007538 0.999773 -0.002575
1730230146.500026464 -2.018079 -7.936623 -0.085301 0.019788 0.007259 0.999775 -0.002450
1730230146.600030661 -2.064399 -7.937483 -0.086763 0.019629 0.007221 0.999776 -0.003225
1730230146.700026512 -2.110490 -7.936520 -0.088183 0.019963 0.007516 0.999769 -0.002747
1730230146.800025463 -2.156365 -7.936399 -0.089491 0.019971 0.007708 0.999765 -0.003343
1730230146.900025606 -2.201626 -7.936099 -0.089895 0.020070 0.007555 0.999766 -0.002698
1730230147.003223658 -2.247549 -7.936433 -0.091324 0.020063 0.007234 0.999768 -0.003112
1730230147.200024366 -2.336745 -7.936201 -0.092286 0.020517 0.007165 0.999756 -0.003969
1730230147.300029516 -2.381853 -7.936411 -0.093739 0.020873 0.007157 0.999748 -0.004127
1730230147.400026560 -2.427363 -7.936186 -0.094622 0.021124 0.007530 0.999734 -0.005304
1730230147.500028372 -2.472738 -7.936538 -0.095263 0.021639 0.007498 0.999721 -0.005865
1730230147.600024462 -2.518243 -7.936389 -0.096135 0.021856 0.008485 0.999700 -0.007140
1730230147.700021505 -2.563998 -7.935702 -0.097236 0.022221 0.008534 0.999695 -0.006539
1730230147.800028563 -2.609701 -7.936897 -0.098404 0.022376 0.008067 0.999689 -0.007538
1730230147.900025368 -2.654937 -7.936517 -0.100464 0.022331 0.008480 0.999690 -0.007031
1730230148.003218412 -2.701480 -7.936885 -0.101831 0.022371 0.008835 0.999686 -0.007027
1730230148.200031281 -2.794905 -7.935626 -0.101835 0.022577 0.009614 0.999678 -0.006475
1730230148.300019264 -2.842896 -7.935508 -0.101409 0.022491 0.009811 0.999671 -0.007436
1730230148.400028467 -2.890782 -7.936640 -0.101316 0.022138 0.009333 0.999672 -0.008845
1730230148.500030279 -2.938640 -7.937661 -0.101420 0.021910 0.008977 0.999669 -0.010080
1730230148.600027323 -2.986492 -7.938704 -0.101849 0.021583 0.008523 0.999677 -0.010378
1730230148.700030327 -3.034283 -7.939177 -0.101794 0.021338 0.008380 0.999686 -0.010094
1730230148.800027370 -3.081753 -7.939911 -0.101942 0.021244 0.008251 0.999683 -0.010692
1730230148.900027275 -3.128945 -7.940621 -0.101868 0.021253 0.007957 0.999685 -0.010709
1730230149.003245354 -3.176621 -7.941737 -0.103562 0.020810 0.007909 0.999691 -0.011058
1730230149.203232527 -3.271726 -7.943646 -0.105284 0.020617 0.007491 0.999694 -0.011389
1730230149.300026178 -3.319086 -7.944260 -0.105875 0.020603 0.007570 0.999685 -0.012175
1730230149.503220558 -3.419061 -7.945913 -0.109921 0.020123 0.007860 0.999670 -0.013887
1730230149.700022221 -3.516270 -7.949033 -0.116535 0.020592 0.007371 0.999656 -0.014488
1730230149.800026178 -3.566134 -7.951258 -0.118865 0.020442 0.006557 0.999659 -0.014891
1730230149.903227329 -3.617294 -7.953525 -0.120722 0.020483 0.006486 0.999665 -0.014397
1730230150.000022173 -3.666533 -7.954733 -0.121279 0.020566 0.006821 0.999652 -0.015017
1730230150.200025558 -3.767164 -7.956596 -0.123432 0.020312 0.007825 0.999654 -0.014740
1730230150.300017595 -3.816867 -7.958408 -0.123708 0.019756 0.007301 0.999672 -0.014578
1730230150.400032520 -3.866164 -7.961417 -0.124050 0.019585 0.006529 0.999674 -0.015037
1730230150.500027657 -3.915313 -7.962555 -0.124833 0.019646 0.006721 0.999673 -0.014951
1730230150.600025654 -3.963999 -7.964429 -0.125696 0.019934 0.006417 0.999664 -0.015276
1730230150.700033665 -4.012270 -7.966217 -0.125871 0.020030 0.006728 0.999650 -0.015891
1730230150.800021648 -4.060701 -7.966909 -0.126565 0.020203 0.007105 0.999645 -0.015845
1730230150.900029659 -4.108989 -7.968986 -0.127313 0.020435 0.006730 0.999643 -0.015840
1730230151.003232241 -4.157847 -7.969746 -0.130656 0.020808 0.006865 0.999626 -0.016370
1730230151.200026512 -4.252625 -7.972092 -0.132097 0.021345 0.006577 0.999627 -0.015695
1730230151.300018549 -4.300336 -7.973436 -0.132730 0.021401 0.006668 0.999624 -0.015799
1730230151.400030375 -4.347898 -7.973970 -0.133445 0.021717 0.006557 0.999617 -0.015876
1730230151.500025511 -4.395205 -7.975060 -0.134005 0.021593 0.006899 0.999613 -0.016119
1730230151.600026369 -4.442387 -7.975036 -0.134528 0.021845 0.007350 0.999611 -0.015706
1730230151.700021505 -4.489686 -7.975452 -0.135515 0.022018 0.007927 0.999588 -0.016620
1730230151.800026417 -4.536940 -7.975921 -0.135755 0.022094 0.007827 0.999588 -0.016588
1730230151.900027514 -4.584184 -7.976988 -0.136262 0.021758 0.007881 0.999589 -0.016911
1730230152.003233671 -4.631586 -7.978473 -0.138790 0.021829 0.007291 0.999581 -0.017562
1730230152.203230619 -4.725970 -7.981107 -0.139882 0.021778 0.006580 0.999575 -0.018237
1730230152.400026560 -4.819495 -7.984550 -0.140984 0.022282 0.006052 0.999559 -0.018687
1730230152.500033379 -4.866167 -7.986870 -0.140503 0.022825 0.005144 0.999534 -0.019601
1730230152.600035429 -4.912141 -7.989788 -0.140494 0.023401 0.004591 0.999522 -0.019666
1730230152.700037479 -4.958286 -7.992531 -0.140384 0.023588 0.004765 0.999517 -0.019648
1730230152.800045490 -5.004021 -7.994975 -0.140589 0.023705 0.004776 0.999524 -0.019173
1730230152.900037527 -5.047105 -7.995271 -0.137244 0.023142 0.005845 0.999546 -0.018369
1730230153.003221512 -5.092382 -7.998346 -0.139696 0.022937 0.006125 0.999561 -0.017732
1730230153.200040340 -5.180227 -8.002771 -0.139594 0.022876 0.007349 0.999564 -0.017175
1730230153.300041437 -5.216828 -8.005908 -0.138309 0.023953 0.007005 0.999567 -0.015593
1730230153.400039434 -5.244586 -8.009015 -0.137258 0.024767 0.007082 0.999556 -0.014971
1730230153.500033379 -5.267115 -8.010962 -0.136431 0.024458 0.007417 0.999597 -0.012380
1730230153.600044250 -5.286945 -8.012673 -0.135663 0.024220 0.006058 0.999660 -0.007506
1730230153.700054407 -5.305812 -8.013804 -0.135384 0.022492 0.005383 0.999723 0.004235
1730230153.803256512 -5.324865 -8.015656 -0.137116 0.020557 0.005746 0.999643 0.016050
1730230154.003223419 -5.366538 -8.017108 -0.139468 0.018344 0.004190 0.999185 0.035706
1730230154.203247547 -5.420831 -8.022775 -0.141744 0.017389 0.005587 0.999113 0.037952
1730230154.403250456 -5.488747 -8.030575 -0.144700 0.016073 0.005878 0.999153 0.037428
1730230154.600033283 -5.564594 -8.042727 -0.149224 0.015950 0.004605 0.999233 0.035453
1730230154.700020313 -5.604809 -8.051564 -0.152812 0.015870 0.003661 0.999179 0.037105
1730230154.800024271 -5.647221 -8.059327 -0.155740 0.016250 0.002001 0.998939 0.043051
1730230154.900038242 -5.688286 -8.067749 -0.160204 0.017210 -0.002016 0.998096 0.059188
1730230155.003225327 -5.728140 -8.077375 -0.166272 0.017708 -0.004967 0.996505 0.081490
1730230155.200043201 -5.790854 -8.097423 -0.178823 0.018857 -0.003980 0.992209 0.123082
1730230155.303242445 -5.814141 -8.113136 -0.184645 0.020485 -0.004247 0.989761 0.141196
1730230155.500103235 -5.829372 -8.131569 -0.201741 0.017791 0.000060 0.978859 0.203760
1730230155.600010157 -5.834926 -8.135016 -0.196828 0.020450 0.003878 0.970864 0.238727
1730230155.700074196 -5.837526 -8.141506 -0.191997 0.019606 0.004201 0.959417 0.281278
1730230155.803217411 -5.841837 -8.150771 -0.191322 0.013041 0.011704 0.947949 0.317940
1730230156.003211260 -5.851764 -8.169276 -0.189772 0.015327 0.014715 0.917683 0.396746
1730230156.200042248 -5.863161 -8.189537 -0.185992 0.013549 0.012646 0.889922 0.455736
1730230156.300071239 -5.864931 -8.197783 -0.191192 0.012152 0.014670 0.869810 0.493018
1730230156.400029182 -5.868865 -8.203658 -0.192256 0.013548 0.016015 0.852181 0.522827
1730230156.500036240 -5.871524 -8.208210 -0.187848 0.014322 0.014940 0.832084 0.554265
1730230156.600046158 -5.875866 -8.211948 -0.183043 0.013136 0.011413 0.814730 0.579579
1730230156.700053215 -5.876267 -8.212597 -0.183243 0.012974 0.011546 0.794280 0.607304
1730230156.800064325 -5.874536 -8.213390 -0.182551 0.014477 0.010316 0.772947 0.634221
1730230156.900044203 -5.882416 -8.207028 -0.177128 0.016458 0.010269 0.776187 0.630204
1730230157.003232241 -5.888030 -8.195919 -0.174699 0.016668 0.008636 0.776580 0.629739
1730230157.200050354 -5.904709 -8.146450 -0.170256 0.017597 0.005473 0.777341 0.628810
1730230157.300048351 -5.912244 -8.111979 -0.169101 0.018035 0.004412 0.777865 0.628157
1730230157.400043249 -5.921452 -8.071956 -0.167106 0.018698 0.003709 0.778658 0.627158
1730230157.500039339 -5.929968 -8.029213 -0.165306 0.019016 0.002834 0.779001 0.626728
1730230157.600025177 -5.938880 -7.985690 -0.163897 0.019460 0.002278 0.779192 0.626480
1730230157.703130484 -5.948233 -7.941951 -0.162907 0.019365 0.000281 0.780427 0.624947
1730230157.800036192 -5.957750 -7.900639 -0.160697 0.019738 -0.001115 0.781495 0.623598
1730230157.900044203 -5.966397 -7.860278 -0.160816 0.019655 -0.002028 0.781727 0.623307
1730230158.000042200 -5.974604 -7.818524 -0.159751 0.020028 -0.001491 0.781859 0.623132
1730230158.203235626 -5.989880 -7.735838 -0.159833 0.020344 0.000174 0.782071 0.622858
1730230158.400035620 -6.006157 -7.660057 -0.159575 0.021002 0.000883 0.782100 0.622799
1730230158.503223658 -6.013541 -7.621257 -0.160589 0.020869 0.000907 0.782355 0.622482
1730230158.700034618 -6.031649 -7.545632 -0.160949 0.021240 0.001103 0.782493 0.622296
1730230158.800032616 -6.040367 -7.507171 -0.161901 0.021277 0.001009 0.782429 0.622375
1730230158.900030613 -6.049889 -7.469186 -0.162413 0.021241 0.001499 0.782933 0.621742
1730230159.003239632 -6.059149 -7.430242 -0.163482 0.021132 0.001446 0.782847 0.621854
1730230159.200031519 -6.078127 -7.356007 -0.163890 0.022259 0.001718 0.782550 0.622187
1730230159.303256512 -6.085467 -7.316428 -0.164555 0.021686 0.000242 0.777303 0.628753
1730230159.400068521 -6.091717 -7.276831 -0.162724 0.018256 -0.001026 0.763581 0.645453
1730230159.600039482 -6.108896 -7.197683 -0.159135 0.020804 -0.000699 0.767737 0.640427
1730230159.700014353 -6.118081 -7.159961 -0.156546 0.021669 -0.000607 0.770875 0.636617
1730230159.800029516 -6.127766 -7.123676 -0.154396 0.021459 -0.001609 0.771886 0.635396
1730230159.900026560 -6.137518 -7.087479 -0.152471 0.021455 -0.001863 0.772862 0.634209
1730230160.003235579 -6.146974 -7.050636 -0.151160 0.020757 -0.001969 0.773551 0.633391
1730230160.203232527 -6.166565 -6.978108 -0.147874 0.019907 -0.002664 0.773896 0.632995
1730230160.403231621 -6.182949 -6.904353 -0.144711 0.021173 -0.003079 0.769539 0.638241
1730230160.500035286 -6.189429 -6.868535 -0.144552 0.021677 -0.003160 0.764764 0.643937
1730230160.700034380 -6.203165 -6.794675 -0.142503 0.021781 -0.003991 0.768614 0.639330
1730230160.803227663 -6.211231 -6.758066 -0.141875 0.021536 -0.005025 0.770612 0.636922
1730230161.003241539 -6.227326 -6.686367 -0.140078 0.022343 -0.005029 0.771854 0.635387
1730230161.203242540 -6.242069 -6.613023 -0.139399 0.023145 -0.004974 0.763218 0.645707
1730230161.300044298 -6.247002 -6.574638 -0.141191 0.023096 -0.005990 0.754297 0.656099
1730230161.400018215 -6.251177 -6.535675 -0.144744 0.022871 -0.005934 0.755408 0.654828
1730230161.500031233 -6.257713 -6.497067 -0.144245 0.022648 -0.006113 0.756959 0.653042
1730230161.700021267 -6.269386 -6.421332 -0.143549 0.023051 -0.003949 0.760282 0.649171
1730230161.803234577 -6.275086 -6.383711 -0.144505 0.022838 -0.003247 0.761429 0.647837
1730230162.003230572 -6.285752 -6.309247 -0.145375 0.022099 -0.002238 0.762941 0.646086
1730230162.203236341 -6.296220 -6.232990 -0.148175 0.021167 -0.004100 0.753574 0.657009
1730230162.300043344 -6.301419 -6.194301 -0.149169 0.020630 -0.004922 0.751891 0.658946
1730230162.503224373 -6.313015 -6.114064 -0.147629 0.018546 -0.004478 0.756213 0.654047
1730230162.700028181 -6.327231 -6.037375 -0.147351 0.018308 -0.002983 0.759046 0.650772
1730230162.803232431 -6.334436 -5.995797 -0.147723 0.017398 -0.003149 0.758883 0.650987
1730230163.003222466 -6.351171 -5.913522 -0.148578 0.016742 -0.004083 0.758469 0.651481
1730230163.203226566 -6.364974 -5.829116 -0.150714 0.015310 -0.006209 0.750309 0.660881
1730230163.403224468 -6.379216 -5.742862 -0.152534 0.016514 -0.005320 0.753063 0.657720
1730230163.500022173 -6.386441 -5.701464 -0.153303 0.017275 -0.005493 0.754914 0.655573
1730230163.700034142 -6.400546 -5.617916 -0.159267 0.017890 -0.006488 0.754622 0.655883
1730230163.800007343 -6.407642 -5.576250 -0.160551 0.018499 -0.005631 0.744762 0.667050
1730230163.899986267 -6.411606 -5.533461 -0.162803 0.015748 -0.007258 0.725704 0.687788
1730230164.003205299 -6.417791 -5.488635 -0.165820 0.012509 -0.009050 0.714580 0.699383
1730230164.200027466 -6.419128 -5.405922 -0.164625 0.015327 -0.004126 0.720628 0.693140
1730230164.300032616 -6.418710 -5.366114 -0.163804 0.015246 -0.002777 0.723795 0.689842
1730230164.400040627 -6.420140 -5.326866 -0.162888 0.016031 -0.002926 0.721965 0.691738
1730230164.500032663 -6.420165 -5.288262 -0.163247 0.016485 -0.002042 0.715595 0.698318
1730230164.600030661 -6.419169 -5.250017 -0.162494 0.016657 -0.000645 0.714948 0.698979
1730230164.700018644 -6.419490 -5.211463 -0.160425 0.016289 -0.000965 0.718148 0.695698
1730230164.800029516 -6.421531 -5.172298 -0.158524 0.015923 -0.001941 0.721462 0.692268
1730230164.900019646 -6.424611 -5.132619 -0.157757 0.016474 -0.001993 0.724686 0.688879
1730230165.003229141 -6.427986 -5.092762 -0.158010 0.016096 -0.004200 0.727542 0.685861
1730230165.200046539 -6.434153 -5.016617 -0.157639 0.016693 -0.005304 0.731439 0.681682
1730230165.300050497 -6.436791 -4.978723 -0.157267 0.017342 -0.005081 0.726558 0.686868
1730230165.400041342 -6.438427 -4.940596 -0.159661 0.016769 -0.005605 0.715134 0.698764
1730230165.500043392 -6.437796 -4.901983 -0.161193 0.016907 -0.005037 0.708300 0.705691
1730230165.600050449 -6.435563 -4.863597 -0.160475 0.017707 -0.002972 0.711181 0.702780
1730230165.700037479 -6.433411 -4.825762 -0.159123 0.017244 -0.002078 0.713363 0.700580
1730230165.800022364 -6.433733 -4.788908 -0.157554 0.017048 -0.001716 0.717070 0.696791
1730230165.903237581 -6.433997 -4.752345 -0.156837 0.016565 -0.002616 0.720067 0.693701
1730230166.000055552 -6.433934 -4.717197 -0.156148 0.015800 -0.003976 0.722462 0.691218
1730230166.203236580 -6.437588 -4.642610 -0.155985 0.016261 -0.002720 0.726239 0.687245
1730230166.403232574 -6.442047 -4.567891 -0.154506 0.015325 -0.003241 0.728403 0.684970
1730230166.500032425 -6.444156 -4.531560 -0.154018 0.015490 -0.003065 0.729299 0.684013
1730230166.700026274 -6.448654 -4.457575 -0.152927 0.016198 -0.002325 0.732529 0.680539
1730230166.800025463 -6.452093 -4.420518 -0.152556 0.016206 -0.001925 0.733332 0.679675
1730230166.900028467 -6.456336 -4.383545 -0.151873 0.015762 -0.002414 0.734075 0.678882
1730230167.003244400 -6.460468 -4.345373 -0.152029 0.015427 -0.002297 0.732640 0.680438
1730230167.099977255 -6.463166 -4.308011 -0.153691 0.014803 -0.003303 0.723240 0.690430
1730230167.303230524 -6.468593 -4.228419 -0.155363 0.014483 -0.002689 0.726302 0.687218
1730230167.503239393 -6.474655 -4.150280 -0.156293 0.014332 -0.001702 0.729096 0.684259
1730230167.703115463 -6.482953 -4.069935 -0.156129 0.014535 -0.001721 0.731768 0.681396
1730230167.900021315 -6.490672 -3.988864 -0.157130 0.015029 -0.001848 0.732744 0.680336
1730230168.003246546 -6.493918 -3.946585 -0.158622 0.015624 -0.002572 0.730287 0.682957
1730230168.200053453 -6.497353 -3.860345 -0.163671 0.010767 -0.006880 0.699014 0.714993
1730230168.300065517 -6.497775 -3.815862 -0.165992 0.012216 -0.008113 0.700023 0.713970
1730230168.400042534 -6.496608 -3.772391 -0.165133 0.013533 -0.006736 0.703619 0.710417
1730230168.500016451 -6.496593 -3.728876 -0.164482 0.014140 -0.005351 0.707043 0.707009
1730230168.600031614 -6.496826 -3.687083 -0.163571 0.012901 -0.006318 0.710075 0.703980
1730230168.700046539 -6.497603 -3.645528 -0.162271 0.013072 -0.005700 0.713229 0.700786
1730230168.800014496 -6.499224 -3.604150 -0.161630 0.013805 -0.004551 0.715302 0.698665
1730230168.900036573 -6.501688 -3.564121 -0.165080 0.012789 -0.005773 0.717472 0.696446
1730230169.003243446 -6.504757 -3.523189 -0.165539 0.012959 -0.005923 0.719705 0.694134
1730230169.200041533 -6.510868 -3.444912 -0.164352 0.012671 -0.007516 0.722210 0.691516
1730230169.300036669 -6.514290 -3.405693 -0.164394 0.013142 -0.007209 0.723827 0.689818
1730230169.400026560 -6.517384 -3.367153 -0.164009 0.013403 -0.007192 0.724678 0.688920
1730230169.500021458 -6.521381 -3.329283 -0.163283 0.013364 -0.007815 0.724921 0.688658
1730230169.600030661 -6.525685 -3.291779 -0.162940 0.013218 -0.008146 0.725127 0.688440
1730230169.700032473 -6.528494 -3.254472 -0.162237 0.013511 -0.008109 0.724717 0.688867
1730230169.800035477 -6.529723 -3.217592 -0.162218 0.013105 -0.008215 0.719848 0.693959
1730230169.900024652 -6.528474 -3.179853 -0.165719 0.012586 -0.008150 0.702637 0.711391
1730230170.003217459 -6.522245 -3.141765 -0.171203 0.012782 -0.005211 0.686043 0.727430
1730230170.200003386 -6.517307 -3.068445 -0.168988 0.014875 -0.004269 0.688486 0.725085
1730230170.300042391 -6.517950 -3.029306 -0.166767 0.013958 -0.006845 0.690929 0.722756
1730230170.400022507 -6.518127 -2.988934 -0.165230 0.013919 -0.008123 0.693766 0.720020
1730230170.500036478 -6.518109 -2.948120 -0.163877 0.013701 -0.009479 0.695843 0.718000
1730230170.600027561 -6.518816 -2.907473 -0.162508 0.014979 -0.009514 0.697733 0.716137
1730230170.700031519 -6.518766 -2.867196 -0.160710 0.015306 -0.009911 0.699073 0.714818
1730230170.800032377 -6.517458 -2.826955 -0.159589 0.015669 -0.009303 0.700457 0.713462
1730230170.900026560 -6.515888 -2.786333 -0.158090 0.015529 -0.008868 0.701799 0.712151
1730230171.003229380 -6.514585 -2.745288 -0.157857 0.015288 -0.008878 0.703298 0.710675
1730230171.200025320 -6.514240 -2.665639 -0.156258 0.016360 -0.009695 0.705605 0.708351
1730230171.300025463 -6.514914 -2.625506 -0.154186 0.016370 -0.010850 0.706244 0.707696
1730230171.400021315 -6.515722 -2.585765 -0.151957 0.016909 -0.011609 0.707766 0.706149
1730230171.500028372 -6.516374 -2.546383 -0.149691 0.016839 -0.012825 0.707845 0.706051
1730230171.600030422 -6.516446 -2.506745 -0.147406 0.017065 -0.013343 0.708656 0.705222
1730230171.700033426 -6.515817 -2.467168 -0.145049 0.017093 -0.013633 0.709871 0.703992
1730230171.800035238 -6.514856 -2.427982 -0.142793 0.017308 -0.012959 0.709291 0.704584
1730230171.900022268 -6.513155 -2.388795 -0.140798 0.017602 -0.012016 0.710578 0.703296
1730230172.003230333 -6.512987 -2.348482 -0.140139 0.017637 -0.011854 0.710096 0.703784
1730230172.200032234 -6.512190 -2.271019 -0.138852 0.018615 -0.011954 0.710074 0.703780
1730230172.300022364 -6.511011 -2.231755 -0.139444 0.018926 -0.011501 0.710936 0.702907
1730230172.400024176 -6.510600 -2.192946 -0.139831 0.019029 -0.011028 0.710348 0.703507
1730230172.500023365 -6.511228 -2.154195 -0.139782 0.019114 -0.011243 0.710504 0.703344
1730230172.600033283 -6.512093 -2.115703 -0.139616 0.019234 -0.011706 0.711184 0.702645
1730230172.700027227 -6.511991 -2.077398 -0.139340 0.019384 -0.011374 0.711014 0.702818
1730230172.800017357 -6.511770 -2.039299 -0.139008 0.019312 -0.010907 0.711499 0.702337
1730230172.900025368 -6.512280 -2.001233 -0.138720 0.018893 -0.010941 0.711142 0.702709
1730230173.003237247 -6.511996 -1.962590 -0.140131 0.018809 -0.010633 0.711797 0.702053
1730230173.200026512 -6.512358 -1.887105 -0.139320 0.017991 -0.010903 0.713150 0.700695
1730230173.300025463 -6.512617 -1.848908 -0.138406 0.017980 -0.010878 0.714028 0.699801
1730230173.400026560 -6.513990 -1.810909 -0.137462 0.017917 -0.010561 0.714372 0.699457
1730230173.500029564 -6.514979 -1.772906 -0.136376 0.018209 -0.010045 0.715400 0.698406
1730230173.600025654 -6.515432 -1.734827 -0.135276 0.018465 -0.009243 0.716248 0.697540
1730230173.700024605 -6.516407 -1.697107 -0.133884 0.018352 -0.008999 0.715950 0.697852
1730230173.800026655 -6.517060 -1.659373 -0.132622 0.018712 -0.008348 0.716369 0.697421
1730230173.900027514 -6.517261 -1.621754 -0.130965 0.019062 -0.007298 0.716148 0.697650
1730230174.003232241 -6.517189 -1.583048 -0.129594 0.019419 -0.006319 0.716267 0.697527
1730230174.200029373 -6.517954 -1.507615 -0.127897 0.019411 -0.005727 0.716232 0.697569
1730230174.300026417 -6.518796 -1.469214 -0.126395 0.019212 -0.005608 0.716538 0.697260
1730230174.400026560 -6.520501 -1.430809 -0.124990 0.018997 -0.005467 0.716801 0.696998
1730230174.500024557 -6.521258 -1.392334 -0.123543 0.019092 -0.005053 0.716934 0.696862
1730230174.600028515 -6.522718 -1.353781 -0.122468 0.018697 -0.004801 0.716830 0.696980
1730230174.700031519 -6.523413 -1.314650 -0.121126 0.018898 -0.004648 0.716914 0.696890
1730230174.803227186 -6.523785 -1.274904 -0.121883 0.018794 -0.004498 0.716916 0.696892
1730230175.003240347 -6.525567 -1.195704 -0.120900 0.019207 -0.004608 0.717531 0.696247
1730230175.200029373 -6.527239 -1.117103 -0.119768 0.019347 -0.005887 0.717670 0.696090
1730230175.300032377 -6.527598 -1.077549 -0.120781 0.019171 -0.006058 0.717308 0.696466
1730230175.400033474 -6.526351 -1.035853 -0.119564 0.019502 -0.005612 0.717830 0.695923
1730230175.500027418 -6.526309 -0.994478 -0.118492 0.019246 -0.005251 0.718046 0.695710
1730230175.600015402 -6.525347 -0.953528 -0.117323 0.019460 -0.004866 0.718264 0.695481
1730230175.700037241 -6.525654 -0.912598 -0.115737 0.017847 -0.006697 0.723397 0.690169
1730230175.800019264 -6.532130 -0.870475 -0.114674 0.017971 -0.006433 0.738520 0.673961
1730230175.900032282 -6.539391 -0.830487 -0.113516 0.017643 -0.007223 0.740963 0.671276
1730230176.003226280 -6.541557 -0.788742 -0.112788 0.018022 -0.006900 0.741198 0.671009
1730230176.200033426 -6.547966 -0.710163 -0.110554 0.018523 -0.007270 0.741431 0.670734
1730230176.300032377 -6.551222 -0.670421 -0.109522 0.018406 -0.007437 0.741445 0.670719
1730230176.400035381 -6.555238 -0.630962 -0.108385 0.018247 -0.007392 0.742015 0.670094
1730230176.500037432 -6.558741 -0.591449 -0.107422 0.017998 -0.007239 0.742191 0.669907
1730230176.600038290 -6.563153 -0.552339 -0.106408 0.017578 -0.007635 0.742350 0.669738
1730230176.700043440 -6.567391 -0.514178 -0.106006 0.016620 -0.007531 0.742513 0.669583
1730230176.800043344 -6.570945 -0.475306 -0.104895 0.016394 -0.007335 0.742427 0.669685
1730230176.900041342 -6.574631 -0.436800 -0.103913 0.016155 -0.007222 0.742292 0.669843
1730230177.003221273 -6.578309 -0.397877 -0.104489 0.016170 -0.006760 0.742658 0.669442
1730230177.200033188 -6.583758 -0.322947 -0.103755 0.017699 -0.006564 0.743375 0.668608
1730230177.300038338 -6.587077 -0.285153 -0.102673 0.018002 -0.006563 0.743779 0.668150
1730230177.400031328 -6.590450 -0.247812 -0.101788 0.018119 -0.006567 0.744126 0.667761
1730230177.500034332 -6.594901 -0.210356 -0.100820 0.018220 -0.006720 0.744095 0.667791
1730230177.600030184 -6.598804 -0.172913 -0.099700 0.018469 -0.006811 0.744206 0.667660
1730230177.700034142 -6.602908 -0.135202 -0.098407 0.018813 -0.006877 0.744137 0.667726
1730230177.800026178 -6.606551 -0.097907 -0.097317 0.019240 -0.006879 0.743961 0.667910
1730230177.900030136 -6.610301 -0.060862 -0.096222 0.019173 -0.007002 0.743790 0.668101
1730230178.003236294 -6.613447 -0.022398 -0.098477 0.019317 -0.006903 0.743427 0.668503
1730230178.200029612 -6.622111 0.050186 -0.098875 0.019130 -0.008359 0.742864 0.669117
1730230178.300030470 -6.625839 0.087433 -0.098797 0.019321 -0.009178 0.742836 0.669131
1730230178.400028467 -6.629944 0.125033 -0.097611 0.019054 -0.009832 0.742597 0.669395
1730230178.500027657 -6.633441 0.162697 -0.096425 0.018934 -0.010464 0.742232 0.669793
1730230178.600027561 -6.637054 0.199904 -0.095176 0.018997 -0.011139 0.742145 0.669878
1730230178.700034618 -6.640473 0.236616 -0.094066 0.018998 -0.011679 0.742055 0.669968
1730230178.800025463 -6.643501 0.273183 -0.092903 0.019357 -0.012051 0.741894 0.670129
1730230178.900028467 -6.647355 0.309523 -0.091932 0.019189 -0.012306 0.741900 0.670123
1730230179.003227234 -6.651343 0.346344 -0.091821 0.019215 -0.012446 0.741655 0.670390
1730230179.200034380 -6.660247 0.414920 -0.091571 0.018985 -0.013302 0.741561 0.670485
1730230179.300020456 -6.664988 0.449118 -0.091579 0.019331 -0.013480 0.741168 0.670906
1730230179.400026560 -6.670803 0.483151 -0.090444 0.018961 -0.013521 0.740618 0.671522
1730230179.500037432 -6.677016 0.517070 -0.089283 0.018790 -0.013382 0.740508 0.671652
1730230179.600030422 -6.683599 0.550007 -0.087942 0.018652 -0.013269 0.740011 0.672205
1730230179.700034380 -6.691609 0.582313 -0.086308 0.018314 -0.013069 0.739606 0.672664
1730230179.800034523 -6.698731 0.613753 -0.084614 0.017930 -0.013170 0.738214 0.674200
1730230179.900027514 -6.705399 0.644545 -0.082861 0.018873 -0.011897 0.733286 0.679554
1730230180.003248215 -6.711680 0.676731 -0.083058 0.018198 -0.011899 0.725991 0.687360
1730230180.200046539 -6.720157 0.743620 -0.085449 0.014796 -0.013592 0.698072 0.715745
1730230180.300045490 -6.727106 0.779067 -0.087418 0.012682 -0.013780 0.683143 0.730045
1730230180.400027514 -6.734397 0.814828 -0.088332 0.008769 -0.012273 0.664504 0.747133
1730230180.500064373 -6.741698 0.851140 -0.090728 0.007658 -0.010663 0.648441 0.761152
1730230180.600084543 -6.739924 0.882886 -0.093891 0.008341 -0.007908 0.624756 0.780735
1730230180.699981451 -6.727765 0.915760 -0.097966 0.011666 -0.000302 0.600038 0.799886
1730230180.800012350 -6.713162 0.946651 -0.094041 0.011473 -0.002819 0.574145 0.818668
1730230180.900094509 -6.704418 0.979023 -0.090852 0.011147 -0.000144 0.556586 0.830715
1730230181.003288507 -6.697375 1.016062 -0.090987 0.017299 0.005533 0.538887 0.842182
1730230181.203241587 -6.689126 1.096279 -0.087969 0.011044 0.001218 0.509940 0.860138
1730230181.300051451 -6.683031 1.130671 -0.086233 0.006419 0.000026 0.488107 0.872760
1730230181.400019407 -6.676220 1.170631 -0.085610 0.001589 -0.000781 0.473064 0.881027
1730230181.599970341 -6.627453 1.244915 -0.090126 0.003333 0.004439 0.432482 0.901625
1730230181.700059414 -6.603794 1.286316 -0.086855 0.001429 0.001900 0.406452 0.913669
1730230181.800094366 -6.584711 1.332045 -0.087424 0.002426 0.002500 0.389392 0.921066
1730230181.900013447 -6.563733 1.379551 -0.092766 0.010245 0.004561 0.368735 0.929467
1730230182.003288269 -6.541658 1.435170 -0.095314 0.011201 0.003787 0.353084 0.935517
1730230182.200041294 -6.498131 1.541029 -0.093948 0.000892 -0.002311 0.309509 0.950893
1730230182.300032377 -6.470143 1.593490 -0.096327 -0.003297 -0.003389 0.291357 0.956603
1730230182.400059462 -6.433286 1.638950 -0.103082 -0.002223 0.001185 0.268087 0.963391
1730230182.499989271 -6.394766 1.686188 -0.105181 0.000251 0.000953 0.253303 0.967386
1730230182.600045443 -6.379402 1.629740 -0.087137 0.001821 -0.009780 0.242066 0.970209
1730230182.700059414 -6.343940 1.644212 -0.083404 0.003984 -0.009987 0.226700 0.973905
1730230182.800039291 -6.307512 1.657637 -0.080865 0.008353 -0.010385 0.223233 0.974674
1730230182.900024414 -6.270851 1.672519 -0.077457 0.011596 -0.009697 0.228088 0.973523
1730230183.003250360 -6.233488 1.690936 -0.075182 0.010959 -0.009334 0.234339 0.972048
1730230183.200038195 -6.165864 1.733284 -0.071580 0.005968 -0.010624 0.242093 0.970177
1730230183.300029278 -6.132394 1.757547 -0.069703 0.005361 -0.011684 0.245128 0.969405
1730230183.400044203 -6.098060 1.781575 -0.068074 0.004564 -0.012721 0.243285 0.969861
1730230183.503241301 -6.062118 1.803997 -0.065830 0.007081 -0.012217 0.234694 0.971967
1730230183.700019360 -5.992665 1.845508 -0.066730 0.009888 -0.011830 0.212215 0.977101
1730230183.803232670 -5.953884 1.865793 -0.066012 0.011111 -0.011160 0.213874 0.976734
1730230184.003232479 -5.882736 1.906506 -0.063690 0.011726 -0.010826 0.211067 0.977341
1730230184.099991322 -5.847966 1.928234 -0.063640 0.010314 -0.010556 0.192029 0.981278
1730230184.200090170 -5.815549 1.950519 -0.063965 0.003809 -0.008161 0.150437 0.988579
1730230184.403241634 -5.731939 1.977013 -0.060915 0.010475 -0.012548 0.131985 0.991117
1730230184.500019312 -5.692137 1.986768 -0.058176 0.009143 -0.012975 0.134168 0.990831
1730230184.703119516 -5.616676 2.007517 -0.054555 0.006825 -0.014433 0.142296 0.989695
1730230184.800040245 -5.581808 2.018325 -0.054319 0.005595 -0.015684 0.144023 0.989434
1730230184.900036335 -5.545953 2.030207 -0.054318 0.005472 -0.016480 0.145186 0.989252
1730230185.000039339 -5.508977 2.043071 -0.054016 0.006293 -0.017008 0.147079 0.988958
1730230185.200044394 -5.435977 2.065234 -0.050020 0.007961 -0.017073 0.148008 0.988807
1730230185.300031424 -5.400196 2.077688 -0.047950 0.008444 -0.017463 0.137685 0.990286
1730230185.400005579 -5.364155 2.088565 -0.048237 0.005941 -0.015758 0.111185 0.993657
1730230185.500058413 -5.326789 2.098533 -0.047574 0.004184 -0.015830 0.094685 0.995373
1730230185.600053549 -5.289530 2.103474 -0.045875 0.005766 -0.015426 0.096068 0.995239
1730230185.700031519 -5.253436 2.107351 -0.043855 0.008623 -0.013309 0.099920 0.994869
1730230185.800033569 -5.218110 2.111764 -0.041246 0.009617 -0.011155 0.103621 0.994508
1730230185.900026560 -5.182995 2.117574 -0.038793 0.009339 -0.010208 0.107310 0.994129
1730230186.003240347 -5.147022 2.126024 -0.036356 0.007996 -0.009328 0.111064 0.993737
1730230186.203218460 -5.076765 2.144669 -0.032654 0.005594 -0.010179 0.117036 0.993060
1730230186.400027275 -5.004361 2.159987 -0.031168 0.009279 -0.011053 0.102637 0.994614
1730230186.503261566 -4.966314 2.166930 -0.029759 0.010187 -0.010635 0.107282 0.994120
1730230186.700032473 -4.893578 2.184458 -0.027263 0.007171 -0.011976 0.115032 0.993264
1730230186.803217411 -4.854476 2.193570 -0.027306 0.006620 -0.012196 0.116974 0.993038
1730230187.003214359 -4.778905 2.214514 -0.024923 0.008577 -0.012599 0.108235 0.994008
1730230187.200041294 -4.700782 2.229780 -0.027661 0.007939 -0.014637 0.074593 0.997075
1730230187.300026417 -4.660140 2.236030 -0.026608 0.010389 -0.015436 0.076209 0.996918
1730230187.400025368 -4.619603 2.241164 -0.023868 0.012294 -0.014872 0.083201 0.996346
1730230187.500029325 -4.579821 2.246324 -0.021483 0.012746 -0.013835 0.088977 0.995856
1730230187.600022316 -4.539829 2.252685 -0.019244 0.012703 -0.012998 0.094340 0.995374
1730230187.700033426 -4.500108 2.261037 -0.017006 0.011545 -0.012932 0.099418 0.994895
1730230187.800040245 -4.459993 2.270141 -0.014903 0.010178 -0.013232 0.103352 0.994505
1730230187.900037289 -4.419853 2.280142 -0.012599 0.008740 -0.013853 0.107744 0.994044
1730230188.003216267 -4.379485 2.291872 -0.011150 0.008206 -0.014322 0.110178 0.993775
1730230188.200038195 -4.305270 2.316544 -0.011518 0.009144 -0.014740 0.112573 0.993492
1730230188.300038338 -4.265520 2.325404 -0.011359 0.009435 -0.014839 0.098851 0.994947
1730230188.403225422 -4.224176 2.333938 -0.013363 0.006069 -0.014459 0.070207 0.997409
1730230188.600052357 -4.142806 2.339940 -0.012929 0.008246 -0.014420 0.060978 0.998001
1730230188.700028181 -4.101795 2.339885 -0.010625 0.010886 -0.012895 0.065435 0.997714
1730230188.803240299 -4.060798 2.342114 -0.008337 0.012444 -0.011776 0.070543 0.997362
1730230188.900042295 -4.022616 2.347081 -0.008762 0.012928 -0.011593 0.075236 0.997015
1730230189.000010252 -3.982468 2.353924 -0.006560 0.014292 -0.011619 0.079653 0.996652
1730230189.200042486 -3.901583 2.370570 -0.000796 0.011090 -0.013816 0.088572 0.995912
1730230189.300030470 -3.861344 2.379073 0.001759 0.010789 -0.013956 0.092268 0.995578
1730230189.400043488 -3.821335 2.387004 0.006580 0.009255 -0.014336 0.093771 0.995448
1730230189.500041485 -3.781492 2.392870 0.010020 0.009133 -0.014309 0.092313 0.995585
1730230189.600035667 -3.741968 2.398015 0.012510 0.009746 -0.014604 0.090020 0.995785
1730230189.700035572 -3.702563 2.403181 0.014935 0.009681 -0.014484 0.090801 0.995717
1730230189.800036669 -3.663159 2.408728 0.017671 0.008684 -0.015109 0.092110 0.995596
1730230189.900036573 -3.623655 2.415186 0.020261 0.007825 -0.015711 0.094362 0.995383
1730230190.003230333 -3.583400 2.421242 0.022588 0.007154 -0.016257 0.094690 0.995348
1730230190.200037479 -3.506805 2.432518 0.029029 0.005494 -0.017742 0.097277 0.995084
1730230190.300041437 -3.468208 2.439047 0.030975 0.005488 -0.018122 0.098497 0.994957
1730230190.400035381 -3.429465 2.446265 0.033424 0.005809 -0.018312 0.099985 0.994803
1730230190.500025511 -3.390669 2.454104 0.035591 0.006039 -0.018468 0.101743 0.994621
1730230190.600028515 -3.351195 2.461250 0.037482 0.006475 -0.018384 0.102845 0.994506
1730230190.700024366 -3.312286 2.468535 0.041010 0.006702 -0.018040 0.103205 0.994474
1730230190.800023556 -3.273114 2.476380 0.042843 0.006438 -0.017992 0.103864 0.994408
1730230190.900021553 -3.234256 2.484726 0.044802 0.005990 -0.018000 0.104275 0.994368
1730230191.003230333 -3.193526 2.493706 0.046288 0.005720 -0.017676 0.104107 0.994393
1730230191.200026274 -3.111873 2.510502 0.047433 0.005756 -0.017499 0.105780 0.994219
1730230191.300034285 -3.069399 2.520427 0.048046 0.005143 -0.016984 0.106098 0.994197
1730230191.403236151 -3.023633 2.530812 0.050404 0.005746 -0.016570 0.105920 0.994220
1730230191.600020409 -2.934940 2.550872 0.050396 0.006277 -0.016210 0.106009 0.994213
1730230191.700030327 -2.889205 2.562638 0.050234 0.006339 -0.015923 0.106486 0.994166
1730230191.800019264 -2.842651 2.574489 0.050357 0.007019 -0.015501 0.106430 0.994175
1730230191.900029421 -2.796628 2.586770 0.050229 0.006763 -0.015472 0.106391 0.994181
1730230192.003235340 -2.751367 2.600842 0.048956 0.006525 -0.015729 0.105893 0.994232
1730230192.203233242 -2.662680 2.626935 0.045480 0.007124 -0.016617 0.106274 0.994172
1730230192.400022268 -2.573965 2.654033 0.040261 0.008559 -0.016746 0.105675 0.994223
1730230192.500024319 -2.526313 2.667999 0.036206 0.010097 -0.016627 0.105861 0.994191
1730230192.600023270 -2.478083 2.682871 0.031774 0.010146 -0.016903 0.102203 0.994568
1730230192.703140497 -2.430202 2.696733 0.024842 0.010803 -0.017396 0.092715 0.995482
1730230192.800038338 -2.385200 2.707368 0.016846 0.010558 -0.017923 0.076631 0.996843
1730230193.003260612 -2.293405 2.725161 0.000057 0.007933 -0.018341 0.048259 0.998635
1730230193.200054646 -2.207096 2.735399 -0.020325 0.010340 -0.013502 0.016296 0.999723
1730230193.300087452 -2.162241 2.725322 -0.036347 0.014973 -0.009485 -0.009015 0.999802
1730230193.400012493 -2.113575 2.710059 -0.026754 0.012610 -0.011499 -0.024017 0.999566
1730230193.500018597 -2.068800 2.701943 -0.012620 0.011947 -0.014223 -0.042988 0.998903
1730230193.600039482 -2.026347 2.695859 0.000328 0.010814 -0.013464 -0.052175 0.998489
1730230193.700033665 -1.981772 2.696254 0.011828 0.010300 -0.012683 -0.054598 0.998375
1730230193.800036669 -1.934958 2.696995 0.022781 0.008821 -0.012275 -0.054738 0.998386
1730230193.900042534 -1.887711 2.698633 0.033194 0.007493 -0.011980 -0.052063 0.998544
1730230194.003223419 -1.839300 2.701727 0.044172 0.006292 -0.010913 -0.048863 0.998726
1730230194.200041533 -1.741824 2.708154 0.060202 0.008194 -0.009669 -0.042439 0.999019
1730230194.300032616 -1.689713 2.712621 0.067314 0.010518 -0.009276 -0.040355 0.999087
1730230194.400020599 -1.637564 2.717788 0.074030 0.010741 -0.009202 -0.039217 0.999131
1730230194.500006676 -1.584814 2.724155 0.078874 0.010242 -0.009783 -0.044207 0.998922
1730230194.600014448 -1.529786 2.730084 0.083909 0.006303 -0.011073 -0.056998 0.998293
1730230194.700049639 -1.473200 2.735226 0.088551 0.003962 -0.010733 -0.068984 0.997552
1730230194.800040483 -1.415694 2.740330 0.093494 0.004889 -0.011005 -0.073515 0.997221
1730230194.900018454 -1.357355 2.743266 0.097582 0.004620 -0.012491 -0.081422 0.996591
1730230195.003260374 -1.295223 2.744006 0.101338 0.000838 -0.012945 -0.104764 0.994413
1730230195.200061321 -1.183891 2.732676 0.100425 -0.005414 -0.011884 -0.218079 0.975844
1730230195.299976587 -1.138116 2.712182 0.094008 0.009053 -0.007506 -0.276331 0.960991
1730230195.399961472 -1.095865 2.690023 0.099252 0.007380 -0.010019 -0.330602 0.943688
1730230195.500038624 -1.056818 2.673579 0.098871 0.011181 -0.012327 -0.374185 0.927205
1730230195.600062609 -1.025288 2.649458 0.092588 0.015741 -0.017941 -0.426112 0.904355
1730230195.699986458 -0.994183 2.627078 0.095371 0.012960 -0.018400 -0.461264 0.886977
1730230195.803268433 -0.968464 2.602581 0.098584 0.012168 -0.014856 -0.506173 0.862218
1730230196.003208399 -0.928071 2.530994 0.097172 0.016406 -0.015786 -0.532386 0.846195
1730230196.200037479 -0.875149 2.454568 0.097577 0.015647 -0.015528 -0.542174 0.839977
1730230196.300025463 -0.846199 2.413004 0.098326 0.013568 -0.014961 -0.543227 0.839343
1730230196.400027514 -0.816668 2.368975 0.099367 0.011946 -0.013085 -0.540392 0.841227
1730230196.500037670 -0.786997 2.323748 0.099315 0.009844 -0.012009 -0.538387 0.842555
1730230196.600043535 -0.759324 2.276619 0.098939 0.009471 -0.011806 -0.537481 0.843140
1730230196.700025558 -0.732305 2.228528 0.097984 0.010949 -0.012065 -0.535148 0.844601
1730230196.800024509 -0.704390 2.180649 0.096783 0.010535 -0.012336 -0.534049 0.845298
1730230196.900025606 -0.677116 2.133625 0.095693 0.009248 -0.012076 -0.534646 0.844939
1730230197.003235579 -0.649505 2.085877 0.095060 0.007876 -0.012207 -0.539109 0.842111
1730230197.203211546 -0.601281 1.992286 0.092832 0.004230 -0.010422 -0.551261 0.834257
1730230197.400040388 -0.555697 1.895202 0.091563 0.003263 -0.008410 -0.580590 0.814146
1730230197.500062466 -0.538274 1.842940 0.088629 0.003763 -0.010185 -0.590140 0.807228
1730230197.600029469 -0.525904 1.790183 0.088127 0.006877 -0.013347 -0.591139 0.806430
1730230197.699981451 -0.510282 1.738987 0.089134 0.008788 -0.015187 -0.585652 0.810373
1730230197.800018549 -0.491353 1.687914 0.090149 0.005917 -0.014611 -0.582541 0.812648
1730230197.900036573 -0.471575 1.637141 0.090900 0.002786 -0.015238 -0.580536 0.814087
1730230198.003216505 -0.450911 1.584987 0.090907 0.000418 -0.015736 -0.578122 0.815799
1730230198.099926472 -0.432051 1.535538 0.091473 0.000020 -0.016487 -0.577030 0.816556
1730230198.200059414 -0.413542 1.486113 0.091230 -0.000766 -0.016958 -0.579365 0.814891
1730230198.400037289 -0.377117 1.389829 0.091021 -0.000949 -0.018264 -0.588158 0.808540
1730230198.500020266 -0.361051 1.340362 0.091086 -0.000931 -0.017496 -0.593696 0.804498
1730230198.600037336 -0.345339 1.289703 0.091725 -0.000668 -0.017303 -0.596575 0.802371
1730230198.700028419 -0.330721 1.238537 0.091535 -0.000100 -0.017618 -0.595065 0.803485
1730230198.800033331 -0.315323 1.187735 0.092073 0.001207 -0.017603 -0.593247 0.804827
1730230198.900023460 -0.299382 1.136211 0.089418 0.001947 -0.017661 -0.591708 0.805956
1730230199.003234386 -0.282270 1.083903 0.088857 0.002099 -0.017772 -0.592497 0.805374
1730230199.200024366 -0.251533 0.982696 0.087161 0.002249 -0.019306 -0.608845 0.793051
1730230199.303230286 -0.235686 0.927842 0.086551 -0.001116 -0.016449 -0.619254 0.785018
1730230199.503228426 -0.208651 0.824960 0.089195 0.000295 -0.018821 -0.612918 0.789923
1730230199.700034142 -0.184456 0.727085 0.091384 0.002587 -0.019738 -0.604995 0.795980
1730230199.803230286 -0.170554 0.677803 0.092222 0.002794 -0.019687 -0.602055 0.798207
1730230200.003230333 -0.141356 0.581607 0.092532 0.002747 -0.019167 -0.598027 0.801242
1730230200.200045586 -0.110659 0.488471 0.091845 0.002444 -0.019205 -0.599385 0.800227
1730230200.300045490 -0.096113 0.440434 0.089915 0.000688 -0.018691 -0.611462 0.791053
1730230200.400040627 -0.082040 0.391875 0.088896 0.001184 -0.019001 -0.617438 0.786389
1730230200.500036478 -0.070176 0.344210 0.089866 0.002388 -0.019705 -0.613782 0.789226
1730230200.600036621 -0.058173 0.297868 0.091430 0.003414 -0.019071 -0.614661 0.788553
1730230200.700013638 -0.045488 0.253416 0.093662 0.006132 -0.019221 -0.611011 0.791365
1730230200.800030470 -0.032468 0.208963 0.095416 0.006011 -0.017301 -0.607635 0.794005
1730230200.900023460 -0.019637 0.166478 0.097371 0.004576 -0.016886 -0.608603 0.793282
1730230201.003248453 -0.008887 0.130923 0.096433 0.000420 -0.016136 -0.619226 0.785047
1730230201.200059414 0.003231 0.107556 0.094625 -0.008870 -0.016266 -0.635490 0.771886
1730230201.300032377 0.002882 0.114569 0.094399 -0.008220 -0.017631 -0.641519 0.766860
1730230201.400028467 0.000886 0.125527 0.095235 -0.007606 -0.018209 -0.642266 0.766227
1730230201.500017405 -0.003741 0.135390 0.096107 -0.005093 -0.018480 -0.642366 0.766158
1730230201.600035429 -0.007263 0.143917 0.098195 -0.002902 -0.017563 -0.635345 0.772023
1730230201.700011492 -0.009562 0.151340 0.099954 -0.001220 -0.016795 -0.630242 0.776216
1730230201.800029516 -0.010641 0.157070 0.101183 -0.000073 -0.016598 -0.624179 0.781105
1730230201.900030375 -0.009807 0.159069 0.102021 0.001436 -0.016931 -0.620558 0.783976
1730230202.003260374 -0.008520 0.153354 0.102244 0.002124 -0.016811 -0.617824 0.786134
1730230202.200044394 -0.000520 0.127558 0.102077 -0.000303 -0.015836 -0.610257 0.792045
1730230202.300030470 0.007770 0.108581 0.102533 -0.001084 -0.016206 -0.606086 0.795233
1730230202.400028467 0.017705 0.086299 0.102753 -0.003268 -0.016015 -0.602730 0.797778
1730230202.500036240 0.029100 0.063203 0.103045 -0.005577 -0.015813 -0.601486 0.798707
1730230202.600014448 0.039619 0.042795 0.103160 -0.006916 -0.016220 -0.600601 0.799354
1730230202.700021267 0.047062 0.022300 0.100922 -0.011074 -0.014193 -0.611249 0.791233
1730230202.800039291 0.054131 0.000972 0.097868 -0.013190 -0.013328 -0.622668 0.782261
1730230202.900054455 0.061014 -0.019593 0.095563 -0.014076 -0.013767 -0.632441 0.774358
1730230203.003234148 0.068991 -0.038797 0.092774 -0.013639 -0.014902 -0.641701 0.766689
1730230203.200034380 0.084538 -0.074487 0.089352 -0.012909 -0.014975 -0.653704 0.756492
1730230203.300051451 0.086022 -0.090806 0.087235 -0.010063 -0.015998 -0.657266 0.753422
1730230203.400040388 0.087991 -0.106958 0.084974 -0.005874 -0.018564 -0.662280 0.749004
1730230203.500020266 0.093603 -0.121835 0.083744 -0.005468 -0.019881 -0.666787 0.744963
1730230203.600019455 0.096055 -0.137228 0.083823 -0.007881 -0.018676 -0.672005 0.740269
1730230203.703093529 0.097553 -0.150915 0.083974 -0.009159 -0.015494 -0.681419 0.731672
1730230203.903233528 0.102738 -0.175092 0.088261 -0.008568 -0.018313 -0.671425 0.740796
1730230204.000015259 0.104091 -0.185174 0.091300 -0.008814 -0.018439 -0.666765 0.744988
1730230204.099980354 0.104996 -0.194348 0.093375 -0.008679 -0.018613 -0.663357 0.748021
1730230204.200024366 0.106515 -0.202776 0.094809 -0.009371 -0.019267 -0.661156 0.749942
1730230204.300032139 0.108260 -0.210683 0.095978 -0.010327 -0.019268 -0.659858 0.751072
1730230204.400031328 0.108805 -0.218572 0.096827 -0.010740 -0.019421 -0.658364 0.752373
1730230204.500026226 0.108900 -0.226485 0.096549 -0.010708 -0.019424 -0.657409 0.753207
1730230204.703118563 0.108022 -0.242024 0.098117 -0.011945 -0.018893 -0.655205 0.755120
1730230204.800032139 0.107139 -0.248583 0.099606 -0.013058 -0.017788 -0.650790 0.758937
1730230204.900023222 0.106186 -0.254032 0.100912 -0.012898 -0.017803 -0.646710 0.762420
1730230205.000046253 0.105313 -0.258683 0.102071 -0.013850 -0.017539 -0.642637 0.765844
1730230205.099925518 0.104763 -0.262502 0.103402 -0.012860 -0.018453 -0.639357 0.768581
1730230205.300008535 0.102549 -0.269366 0.105157 -0.011755 -0.019308 -0.634632 0.772484
1730230205.400025606 0.100975 -0.272104 0.104968 -0.012317 -0.018176 -0.630989 0.775481
1730230205.500031471 0.099125 -0.276006 0.105849 -0.012447 -0.017762 -0.629865 0.776402
1730230205.600028515 0.098583 -0.279484 0.106209 -0.013753 -0.016916 -0.628255 0.777702
1730230205.700031519 0.098310 -0.283168 0.106570 -0.014668 -0.016493 -0.626748 0.778909
1730230205.800034523 0.098297 -0.286161 0.106773 -0.014943 -0.016479 -0.626408 0.779178
1730230205.903233528 0.098367 -0.288204 0.106535 -0.014882 -0.016582 -0.626166 0.779371
1730230206.000028610 0.097657 -0.290187 0.107040 -0.014860 -0.016705 -0.625874 0.779603
1730230206.200033426 0.097950 -0.292605 0.107393 -0.014465 -0.017012 -0.625517 0.779891
1730230206.300026417 0.098045 -0.293676 0.107977 -0.013065 -0.017677 -0.623753 0.781313
1730230206.400027514 0.098847 -0.294433 0.108266 -0.012973 -0.017766 -0.624216 0.780942
1730230206.500032425 0.099615 -0.295029 0.108724 -0.013169 -0.017867 -0.623348 0.781629
1730230206.600030422 0.100911 -0.295279 0.109057 -0.013188 -0.017917 -0.623433 0.781560
1730230206.700028419 0.101185 -0.295813 0.109345 -0.013019 -0.018104 -0.623411 0.781577
1730230206.800027370 0.102187 -0.296204 0.109682 -0.012948 -0.018261 -0.623502 0.781501
1730230206.900030375 0.102898 -0.296798 0.110088 -0.012849 -0.018522 -0.623754 0.781296
1730230207.003229618 0.103633 -0.296297 0.110118 -0.012695 -0.018722 -0.623816 0.781244
1730230207.203229666 0.105054 -0.295628 0.111038 -0.012645 -0.018838 -0.623990 0.781103
1730230207.300027370 0.106518 -0.294283 0.110627 -0.012486 -0.018843 -0.623873 0.781199
1730230207.503225565 0.107234 -0.291632 0.110709 -0.012285 -0.018915 -0.623988 0.781108
1730230207.700026274 0.107821 -0.291023 0.111491 -0.012183 -0.018926 -0.623975 0.781120
1730230207.800026417 0.108290 -0.290562 0.111449 -0.012117 -0.018871 -0.624043 0.781068
1730230207.900028467 0.108398 -0.290678 0.111737 -0.012075 -0.018897 -0.624102 0.781021
1730230208.003225565 0.108532 -0.290277 0.111610 -0.012097 -0.018906 -0.624127 0.781000
1730230208.203222513 0.108505 -0.290717 0.111968 -0.012279 -0.018886 -0.624103 0.781017
1730230208.300026178 0.108532 -0.290092 0.111446 -0.012112 -0.018842 -0.624028 0.781081
1730230208.503219366 0.107784 -0.289306 0.110687 -0.012190 -0.018795 -0.624108 0.781016
1730230208.703108311 0.106634 -0.290034 0.110720 -0.012263 -0.018712 -0.624157 0.780979
1730230208.800025225 0.105948 -0.290538 0.110792 -0.012393 -0.018697 -0.624127 0.781000
1730230208.900028229 0.105432 -0.290682 0.110485 -0.012532 -0.018689 -0.624172 0.780963
1730230209.000024319 0.105282 -0.290073 0.108684 -0.012449 -0.018631 -0.624102 0.781021
1730230209.200029612 0.104024 -0.291098 0.108352 -0.012623 -0.018607 -0.624040 0.781069
1730230209.300028563 0.103403 -0.291645 0.108269 -0.012622 -0.018586 -0.624039 0.781070
1730230209.400026560 0.102766 -0.292121 0.108246 -0.012704 -0.018574 -0.623957 0.781135
1730230209.503227472 0.102260 -0.291966 0.107557 -0.012746 -0.018549 -0.624033 0.781074
1730230209.700027466 0.101244 -0.292682 0.107691 -0.012817 -0.018528 -0.624029 0.781076
1730230209.800027609 0.101036 -0.292637 0.107336 -0.012844 -0.018550 -0.624044 0.781064
1730230209.900027514 0.100684 -0.293132 0.107314 -0.012861 -0.018543 -0.623979 0.781115
1730230210.003223419 0.100467 -0.293079 0.106932 -0.012885 -0.018517 -0.624004 0.781095
1730230210.200024366 0.100017 -0.293572 0.107251 -0.012918 -0.018516 -0.624004 0.781095
1730230210.300025463 0.100082 -0.293250 0.107046 -0.012953 -0.018521 -0.624008 0.781091
1730230210.400024414 0.100047 -0.293397 0.107190 -0.012851 -0.018539 -0.624034 0.781072
1730230210.500026464 0.100054 -0.293458 0.107312 -0.012778 -0.018586 -0.624028 0.781076
1730230210.600023508 0.100019 -0.293468 0.107525 -0.012723 -0.018628 -0.623969 0.781124
1730230210.700024366 0.100033 -0.293358 0.107780 -0.012708 -0.018656 -0.623930 0.781155
1730230210.800025463 0.100031 -0.293138 0.108089 -0.012731 -0.018706 -0.623977 0.781115
1730230210.900025368 0.100039 -0.292928 0.108369 -0.012731 -0.018759 -0.623995 0.781100
1730230211.003219366 0.100128 -0.292381 0.108302 -0.012736 -0.018729 -0.624021 0.781079
1730230211.200025320 0.100191 -0.292745 0.109017 -0.012817 -0.018731 -0.623971 0.781118
1730230211.300034285 0.100483 -0.292349 0.108921 -0.012744 -0.018769 -0.623975 0.781115
1730230211.400035381 0.100648 -0.292415 0.109174 -0.012673 -0.018764 -0.624002 0.781094
1730230211.500034332 0.100859 -0.292295 0.109438 -0.012649 -0.018751 -0.624059 0.781050
1730230211.600030422 0.101051 -0.292144 0.109643 -0.012599 -0.018751 -0.624077 0.781037
1730230211.703116417 0.101724 -0.290993 0.108737 -0.012398 -0.018676 -0.624129 0.781000
1730230211.903219461 0.101996 -0.290667 0.109509 -0.012323 -0.018561 -0.624056 0.781062
1730230212.000035286 0.102030 -0.290564 0.109914 -0.012351 -0.018564 -0.624087 0.781036
1730230212.203219414 0.101865 -0.289158 0.109629 -0.012343 -0.018467 -0.624098 0.781030
1730230212.300037146 0.101843 -0.288365 0.109636 -0.012156 -0.018373 -0.624129 0.781011
1730230212.400032282 0.101763 -0.288238 0.109479 -0.012262 -0.018337 -0.624111 0.781024
1730230212.600029230 0.101412 -0.288876 0.109554 -0.012471 -0.018281 -0.624145 0.780995
1730230212.703109264 0.101386 -0.288932 0.109231 -0.012491 -0.018302 -0.624161 0.780981
1730230212.903229475 0.100753 -0.289900 0.109281 -0.012657 -0.018479 -0.624125 0.781004
1730230213.000035286 0.101013 -0.290105 0.108620 -0.012594 -0.018580 -0.624110 0.781014
1730230213.200029612 0.100721 -0.291038 0.108107 -0.012825 -0.018703 -0.624094 0.781020
1730230213.300027609 0.100754 -0.291085 0.107526 -0.012635 -0.018703 -0.624143 0.780984
1730230213.400031567 0.100554 -0.291648 0.107300 -0.012638 -0.018717 -0.624090 0.781027
1730230213.500027657 0.100364 -0.292195 0.107083 -0.012635 -0.018755 -0.624046 0.781061
1730230213.600023508 0.100103 -0.292702 0.106978 -0.012703 -0.018829 -0.624042 0.781061
1730230213.700025558 0.099870 -0.293084 0.106768 -0.012820 -0.018853 -0.623991 0.781099
1730230213.800026655 0.099616 -0.293390 0.106644 -0.012860 -0.018930 -0.623998 0.781090
1730230213.900024652 0.099092 -0.293603 0.106634 -0.012931 -0.018881 -0.624038 0.781059
1730230214.003224373 0.098854 -0.293235 0.106031 -0.013064 -0.018867 -0.624073 0.781029
1730230214.200025558 0.098198 -0.293499 0.105922 -0.013224 -0.018849 -0.623970 0.781109
1730230214.300024509 0.098239 -0.293126 0.105506 -0.013224 -0.018794 -0.623949 0.781128
1730230214.400024414 0.098212 -0.293063 0.105367 -0.013262 -0.018766 -0.623922 0.781148
1730230214.500025511 0.098299 -0.292837 0.105246 -0.013177 -0.018739 -0.623961 0.781120
1730230214.600023508 0.098425 -0.292596 0.105040 -0.013163 -0.018647 -0.623964 0.781120
1730230214.700024366 0.098649 -0.292231 0.104748 -0.013109 -0.018631 -0.623935 0.781144
1730230214.800026417 0.098870 -0.291755 0.104613 -0.013062 -0.018596 -0.623942 0.781141
1730230214.900029421 0.099230 -0.291209 0.104335 -0.012951 -0.018564 -0.623996 0.781100
1730230215.003221273 0.099402 -0.291060 0.103811 -0.012980 -0.018575 -0.624027 0.781074
1730230215.200022459 0.100354 -0.289831 0.103619 -0.012727 -0.018524 -0.623993 0.781106
1730230215.300020456 0.101084 -0.288869 0.103063 -0.012420 -0.018543 -0.623983 0.781119
1730230215.400021315 0.101706 -0.288295 0.102707 -0.012068 -0.018525 -0.624043 0.781077
1730230215.500018358 0.102335 -0.287805 0.102397 -0.011642 -0.018518 -0.624057 0.781073
1730230215.600018263 0.102862 -0.287449 0.102077 -0.011224 -0.018451 -0.624076 0.781065
1730230215.700028419 0.103351 -0.287289 0.101755 -0.010697 -0.018486 -0.624092 0.781059
1730230215.800020456 0.103517 -0.287455 0.101438 -0.010174 -0.018479 -0.624094 0.781065
1730230215.900030375 0.103497 -0.287950 0.100994 -0.009612 -0.018490 -0.624102 0.781065
1730230216.003233194 0.103082 -0.288568 0.100166 -0.009053 -0.018469 -0.624130 0.781050
1730230216.200030327 0.101204 -0.291910 0.099075 -0.008039 -0.018433 -0.624225 0.780985
1730230216.300028324 0.099381 -0.294514 0.098196 -0.007539 -0.018354 -0.624246 0.780976
1730230216.403243303 0.096838 -0.298100 0.097222 -0.007039 -0.018310 -0.624311 0.780929
1730230216.600025177 0.090516 -0.307661 0.095396 -0.006487 -0.018250 -0.624307 0.780939
