1730230099.300020218 0.255830 0.025771 0.040314 0.014520 -0.017639 -0.000000 0.999739
1730230099.400022268 0.255591 0.025939 0.040954 0.014554 -0.017642 -0.000113 0.999738
1730230099.503231287 0.255385 0.026214 0.041389 0.014593 -0.017628 0.000003 0.999738
1730230099.700024366 0.255163 0.026397 0.041681 0.014590 -0.017616 0.000006 0.999738
1730230099.900022268 0.254989 0.026592 0.041333 0.014664 -0.017636 0.000034 0.999737
1730230100.300032616 0.254788 0.026884 0.038327 0.014652 -0.017672 -0.000015 0.999736
1730230100.400033474 0.254781 0.026941 0.037019 0.014706 -0.017650 0.000012 0.999736
1730230100.500031471 0.254809 0.026965 0.034638 0.014770 -0.017662 -0.000009 0.999735
1730230100.500031471 0.254931 0.026644 0.025256 0.014386 -0.017449 0.000014 0.999744
1730230100.600030661 0.254905 0.026603 0.024973 0.014407 -0.017481 0.000065 0.999743
1730230100.700031519 0.254897 0.026554 0.027490 0.014432 -0.017494 0.000047 0.999743
1730230100.800034523 0.254875 0.026499 0.029780 0.014410 -0.017513 0.000043 0.999743
1730230100.903224468 0.254843 0.026402 0.031963 0.014431 -0.017524 -0.000000 0.999742
1730230101.000037670 0.254875 0.026402 0.033820 0.014451 -0.017514 0.000077 0.999742
1730230101.200034380 0.254917 0.026444 0.037176 0.014466 -0.017520 0.000152 0.999742
1730230101.300031424 0.254911 0.026490 0.038599 0.014460 -0.017526 0.000138 0.999742
1730230101.400026560 0.254881 0.026494 0.038946 0.014473 -0.017553 0.000122 0.999741
1730230101.500024557 0.254865 0.026501 0.040048 0.014473 -0.017567 0.000077 0.999741
1730230101.600026369 0.254884 0.026486 0.041034 0.014483 -0.017565 0.000061 0.999741
1730230101.700025558 0.254882 0.026464 0.041965 0.014518 -0.017589 0.000117 0.999740
1730230101.800022364 0.254935 0.026439 0.042773 0.014508 -0.017621 0.000181 0.999739
1730230101.900023460 0.255033 0.026404 0.043485 0.014470 -0.017631 0.000148 0.999740
1730230102.003226519 0.255098 0.026357 0.044105 0.014486 -0.017591 0.000070 0.999740
1730230102.099902868 0.255132 0.026413 0.044615 0.014514 -0.017613 0.000070 0.999739
1730230102.303225517 0.255179 0.026468 0.045431 0.014529 -0.017626 0.000044 0.999739
1730230102.400025368 0.255188 0.026476 0.045785 0.014563 -0.017671 0.000108 0.999738
1730230102.600025415 0.255374 0.026340 0.046219 0.014563 -0.017701 0.000059 0.999737
1730230102.703112364 0.255459 0.026340 0.046319 0.014560 -0.017713 -0.000031 0.999737
1730230102.800027370 0.255511 0.026369 0.046388 0.014587 -0.017749 -0.000024 0.999736
1730230102.900028467 0.255572 0.026357 0.046395 0.014534 -0.017766 -0.000058 0.999736
1730230103.000026464 0.255578 0.026362 0.046413 0.014503 -0.017789 -0.000092 0.999737
1730230103.099977255 0.255541 0.026421 0.046384 0.014524 -0.017810 -0.000053 0.999736
1730230103.200023174 0.255513 0.026427 0.046327 0.014527 -0.017844 -0.000127 0.999735
1730230103.300024271 0.255427 0.026388 0.046268 0.014550 -0.017879 -0.000213 0.999734
1730230103.400023222 0.255285 0.026436 0.046212 0.014529 -0.017950 -0.000144 0.999733
1730230103.500022173 0.255087 0.026384 0.046122 0.014567 -0.017963 -0.000142 0.999732
1730230103.700023174 0.254549 0.026187 0.045935 0.014455 -0.017938 -0.000192 0.999735
1730230103.803226471 0.254199 0.026036 0.045145 0.014434 -0.017956 -0.000258 0.999734
1730230103.900024176 0.253731 0.025958 0.045022 0.014487 -0.017942 -0.000252 0.999734
1730230104.000021219 0.253180 0.025880 0.044835 0.014510 -0.017892 -0.000226 0.999735
1730230104.200023651 0.252282 0.025727 0.040918 0.014496 -0.017828 -0.000198 0.999736
1730230104.303224564 0.251005 0.025636 0.040777 0.014488 -0.017747 -0.000086 0.999737
1730230104.400023460 0.249155 0.025569 0.040634 0.014467 -0.017628 -0.000082 0.999740
1730230104.600022554 0.245712 0.025453 0.040306 0.014369 -0.017347 -0.000231 0.999746
1730230104.700022459 0.243144 0.025471 0.040109 0.014395 -0.017152 -0.000185 0.999749
1730230104.800022602 0.237260 0.025167 0.039637 0.014720 -0.016667 -0.000466 0.999753
1730230104.900020599 0.224774 0.023398 0.039041 0.015449 -0.016136 -0.001446 0.999749
1730230105.003224611 0.207828 0.022877 0.038346 0.015780 -0.015466 -0.001997 0.999754
1730230105.200019360 0.173790 0.022221 0.037100 0.016056 -0.014443 -0.002760 0.999763
1730230105.300031424 0.157973 0.020856 0.036483 0.015512 -0.013961 -0.004762 0.999771
1730230105.400025368 0.143315 0.020785 0.036219 0.015706 -0.013500 -0.004491 0.999775
1730230105.500026464 0.128342 0.020784 0.035661 0.015690 -0.013075 -0.005444 0.999777
1730230105.600025415 0.111814 0.021236 0.033010 0.015732 -0.012787 -0.005239 0.999781
1730230105.700024366 0.095384 0.021483 0.032692 0.015714 -0.012608 -0.005453 0.999782
1730230105.800028563 0.079081 0.022187 0.032523 0.015465 -0.012513 -0.005502 0.999787
1730230105.900024414 0.062074 0.022640 0.032158 0.015290 -0.012195 -0.005507 0.999794
1730230106.003239632 0.042018 0.023166 0.031794 0.015006 -0.012123 -0.005864 0.999797
1730230106.203226566 0.000764 0.023648 0.030904 0.014903 -0.011671 -0.006151 0.999802
1730230106.403217554 -0.040135 0.024414 0.029869 0.014857 -0.010941 -0.006779 0.999807
1730230106.600027323 -0.081947 0.024390 0.029815 0.014680 -0.010057 -0.007928 0.999810
1730230106.703117371 -0.103527 0.024772 0.030165 0.014740 -0.009861 -0.007644 0.999814
1730230106.903222561 -0.143924 0.025852 0.030976 0.014270 -0.009500 -0.008054 0.999821
1730230107.000028372 -0.161947 0.026450 0.031327 0.014033 -0.009433 -0.008280 0.999823
1730230107.099974155 -0.179286 0.026786 0.031812 0.014017 -0.009601 -0.008467 0.999820
1730230107.200021267 -0.194552 0.027251 0.032103 0.014306 -0.009418 -0.008225 0.999819
1730230107.300023317 -0.208546 0.027890 0.032512 0.014235 -0.009502 -0.008089 0.999821
1730230107.400025368 -0.223013 0.029298 0.032882 0.013982 -0.009517 -0.007915 0.999826
1730230107.500028372 -0.235566 0.030210 0.033262 0.014011 -0.009620 -0.007457 0.999828
1730230107.700023174 -0.240086 0.031094 0.035390 0.014978 -0.009275 -0.006216 0.999825
1730230107.803237677 -0.232764 0.031467 0.037105 0.014507 -0.009918 -0.008088 0.999813
1730230107.900025368 -0.222940 0.028239 0.038272 0.013181 -0.010651 -0.013854 0.999760
1730230108.000031233 -0.213190 0.024963 0.037601 0.012347 -0.011518 -0.019767 0.999662
1730230108.200039625 -0.199124 0.021691 0.037873 0.009846 -0.012805 -0.026108 0.999529
1730230108.300038576 -0.198188 0.022409 0.037841 0.009815 -0.012944 -0.026414 0.999519
1730230108.400035620 -0.198814 0.022657 0.037724 0.010000 -0.012918 -0.026437 0.999517
1730230108.500033617 -0.198096 0.023406 0.037498 0.010273 -0.012957 -0.027195 0.999493
1730230108.600034475 -0.198184 0.023468 0.037507 0.010297 -0.012969 -0.027209 0.999492
1730230108.700034618 -0.198066 0.023481 0.037508 0.010202 -0.012998 -0.027327 0.999490
1730230108.800033569 -0.197602 0.022920 0.037750 0.010113 -0.013252 -0.027607 0.999480
1730230108.900035620 -0.197590 0.021791 0.037892 0.009777 -0.013459 -0.028053 0.999468
1730230109.003232479 -0.198007 0.021376 0.037890 0.009570 -0.013580 -0.028251 0.999463
1730230109.200026512 -0.198915 0.020078 0.037904 0.008881 -0.014066 -0.029065 0.999439
1730230109.300024509 -0.199431 0.019608 0.037498 0.008484 -0.014438 -0.029408 0.999427
1730230109.400028467 -0.200802 0.019616 0.037566 0.008063 -0.014600 -0.029802 0.999417
1730230109.500025511 -0.202524 0.019884 0.037632 0.007645 -0.014747 -0.030139 0.999408
1730230109.600025415 -0.204539 0.020528 0.037648 0.007288 -0.014815 -0.030730 0.999391
1730230109.700021505 -0.207209 0.021306 0.037610 0.007018 -0.014988 -0.032341 0.999340
1730230109.800020456 -0.210110 0.022662 0.037532 0.006562 -0.014872 -0.033042 0.999322
1730230109.900019407 -0.214281 0.024965 0.036745 0.005915 -0.014427 -0.033564 0.999315
1730230110.003225565 -0.218148 0.028178 0.036486 0.005454 -0.014093 -0.034351 0.999296
1730230110.203228474 -0.225871 0.036864 0.035676 0.004785 -0.013117 -0.035966 0.999255
1730230110.403232574 -0.234586 0.051050 0.029350 0.005497 -0.011402 -0.037612 0.999212
1730230110.500029325 -0.238079 0.057731 0.028722 0.005402 -0.010900 -0.040930 0.999088
1730230110.700031281 -0.242015 0.069640 0.025859 0.006757 -0.010492 -0.060004 0.998120
1730230110.803247452 -0.244154 0.074084 0.023364 0.006169 -0.009808 -0.073510 0.997227
1730230111.003220558 -0.242091 0.086700 0.019329 0.005504 -0.007575 -0.096706 0.995269
1730230111.203212500 -0.233367 0.101508 0.014225 0.003745 -0.006037 -0.121224 0.992600
1730230111.300050259 -0.232628 0.103861 0.010380 0.002087 -0.006332 -0.137986 0.990412
1730230111.499993324 -0.234180 0.083282 0.001306 0.006978 -0.009105 -0.199627 0.979805
1730230111.600043297 -0.230737 0.081285 0.003309 0.004612 -0.007091 -0.229548 0.973260
1730230111.700037241 -0.226173 0.081802 0.005961 0.003623 -0.007651 -0.255544 0.966760
1730230111.800024271 -0.220939 0.081773 0.005803 0.002238 -0.008172 -0.276704 0.960918
1730230111.900110245 -0.221066 0.071643 0.002412 0.001152 -0.007279 -0.306611 0.951806
1730230112.003255367 -0.222931 0.057478 -0.001198 0.006839 -0.008524 -0.335461 0.941991
1730230112.200023413 -0.220092 0.048011 0.005427 0.000977 -0.010165 -0.387773 0.921698
1730230112.300051451 -0.220079 0.045344 0.007717 0.001026 -0.013100 -0.409416 0.912253
1730230112.400044441 -0.232117 0.033628 0.001046 0.004633 -0.014548 -0.446916 0.894446
1730230112.499986410 -0.231924 0.030839 0.004569 0.005519 -0.015783 -0.466971 0.884115
1730230112.600006342 -0.234566 0.027775 0.008372 0.004065 -0.015605 -0.492206 0.870330
1730230112.700030327 -0.228896 0.028788 0.011246 0.003920 -0.016194 -0.503151 0.864038
1730230112.800018311 -0.224394 0.028866 0.013374 0.004062 -0.017404 -0.509705 0.860164
1730230112.900039434 -0.221557 0.027136 0.014444 0.002526 -0.016870 -0.515798 0.856541
1730230113.003227234 -0.217151 0.027156 0.015561 0.002803 -0.018325 -0.521065 0.853315
1730230113.200033426 -0.208495 0.027863 0.013600 0.000700 -0.015557 -0.533122 0.845895
1730230113.300018311 -0.208490 0.024864 0.013812 0.001149 -0.015777 -0.537957 0.842824
1730230113.400052309 -0.210496 0.019851 0.012914 0.000540 -0.015231 -0.544545 0.838593
1730230113.500021458 -0.211070 0.015709 0.012612 0.002517 -0.016501 -0.547527 0.836621
1730230113.600029469 -0.207738 0.014106 0.013619 0.000998 -0.016854 -0.549429 0.835370
1730230113.703129530 -0.200943 0.014129 0.016511 0.000772 -0.017134 -0.541160 0.840744
1730230113.800015450 -0.198276 0.012124 0.017671 0.000712 -0.016544 -0.535217 0.844552
1730230114.003216505 -0.191806 0.007565 0.019448 -0.000729 -0.016081 -0.524146 0.851476
1730230114.099962234 -0.189223 0.002082 0.020210 0.000493 -0.016709 -0.520674 0.853592
1730230114.200024366 -0.184379 -0.010357 0.020415 -0.000681 -0.016260 -0.518387 0.854991
1730230114.300033331 -0.174585 -0.032546 0.021291 -0.001660 -0.016284 -0.517324 0.855633
1730230114.400029182 -0.158239 -0.068166 0.019663 -0.000566 -0.015284 -0.516448 0.856182
1730230114.500031233 -0.135078 -0.116724 0.019575 -0.000102 -0.014741 -0.515009 0.857058
1730230114.703113556 -0.072591 -0.228608 0.019019 -0.002135 -0.014867 -0.511474 0.859168
1730230114.800045252 -0.043612 -0.278903 0.020790 -0.004496 -0.015071 -0.508397 0.860979
1730230114.900046349 -0.017539 -0.326682 0.021614 -0.004633 -0.015162 -0.506902 0.861858
1730230115.000037193 0.006334 -0.371095 0.022386 -0.004951 -0.015356 -0.507295 0.861621
1730230115.200037479 0.052293 -0.454586 0.023814 -0.006138 -0.015442 -0.509871 0.860090
1730230115.300044537 0.075167 -0.495872 0.024193 -0.007063 -0.015020 -0.512234 0.858686
1730230115.403247595 0.095013 -0.541391 0.024790 -0.008382 -0.015435 -0.521308 0.853188
1730230115.600022554 0.134598 -0.625916 0.026466 -0.008839 -0.015971 -0.529041 0.848400
1730230115.700010538 0.151627 -0.671219 0.025480 -0.009739 -0.014563 -0.540635 0.841074
1730230115.800067663 0.175620 -0.711401 0.026497 -0.010605 -0.014049 -0.540236 0.841329
1730230115.900005579 0.197577 -0.749623 0.028395 -0.008282 -0.015849 -0.534364 0.845066
1730230116.003224373 0.217087 -0.788630 0.029604 -0.006959 -0.015705 -0.531286 0.847018
1730230116.200024605 0.253000 -0.861459 0.031424 -0.003610 -0.016200 -0.526464 0.850035
1730230116.300015450 0.271465 -0.898200 0.032277 -0.002193 -0.016359 -0.525004 0.850940
1730230116.400030613 0.290165 -0.933813 0.033668 -0.003506 -0.016185 -0.523781 0.851692
1730230116.500024557 0.310234 -0.968434 0.035670 -0.004698 -0.016360 -0.521426 0.853127
1730230116.600036621 0.329068 -1.003501 0.037387 -0.005547 -0.016602 -0.520001 0.853986
1730230116.700031519 0.348290 -1.038521 0.038626 -0.005976 -0.016766 -0.518288 0.855021
1730230116.800029516 0.367193 -1.074031 0.039755 -0.006941 -0.016647 -0.517352 0.855583
1730230116.900032520 0.386833 -1.109021 0.040762 -0.007443 -0.016361 -0.515205 0.856878
1730230117.003238440 0.404746 -1.146291 0.041366 -0.007371 -0.016535 -0.515072 0.856956
1730230117.200021505 0.440489 -1.216841 0.041823 -0.007433 -0.016353 -0.513717 0.857772
1730230117.300034523 0.458422 -1.252411 0.042828 -0.006492 -0.016396 -0.513334 0.858008
1730230117.400017500 0.476672 -1.287831 0.043955 -0.005155 -0.016703 -0.511118 0.859332
1730230117.500023365 0.495771 -1.324251 0.044737 -0.005146 -0.016464 -0.511314 0.859221
1730230117.600006342 0.516117 -1.360071 0.046349 -0.005849 -0.016519 -0.510268 0.859837
1730230117.700039387 0.538958 -1.393031 0.048679 -0.007859 -0.016414 -0.506447 0.862079
1730230117.800040483 0.559512 -1.425711 0.049538 -0.007886 -0.016191 -0.505640 0.862557
1730230117.900030375 0.578311 -1.456881 0.050602 -0.007657 -0.016517 -0.504579 0.863174
1730230118.003229380 0.596800 -1.489801 0.052147 -0.007518 -0.017320 -0.505054 0.862881
1730230118.200023413 0.633179 -1.555712 0.054077 -0.006697 -0.017853 -0.504346 0.863291
1730230118.300034285 0.651837 -1.588362 0.055208 -0.006946 -0.018301 -0.505879 0.862382
1730230118.400026321 0.670503 -1.620722 0.056082 -0.006024 -0.019076 -0.504559 0.863145
1730230118.500025272 0.689318 -1.654752 0.057055 -0.005778 -0.019387 -0.505137 0.862802
1730230118.600024462 0.710159 -1.689292 0.058004 -0.005604 -0.019664 -0.504696 0.863055
1730230118.703118324 0.730966 -1.725032 0.058892 -0.005905 -0.019864 -0.504497 0.863165
1730230118.900025368 0.770862 -1.791172 0.061362 -0.006387 -0.020110 -0.503309 0.863849
1730230119.003234386 0.789326 -1.824002 0.062021 -0.005795 -0.020396 -0.503598 0.863678
1730230119.203235388 0.826012 -1.888712 0.060486 -0.005696 -0.020571 -0.503676 0.863629
1730230119.403232574 0.862743 -1.954522 0.060916 -0.006269 -0.019880 -0.503933 0.863491
1730230119.600036144 0.897467 -2.019232 0.062098 -0.005900 -0.019338 -0.503538 0.863737
1730230119.713222742 0.917605 -2.055192 0.062828 -0.006221 -0.018310 -0.503751 0.863633
1730230119.903229475 0.952207 -2.115102 0.065096 -0.007050 -0.017071 -0.503329 0.863897
1730230120.000045300 0.968951 -2.146192 0.066128 -0.007154 -0.016926 -0.503547 0.863773
1730230120.200042486 1.003940 -2.210552 0.065283 -0.006978 -0.016673 -0.503504 0.863804
1730230120.300037622 1.021470 -2.242722 0.065587 -0.006508 -0.016469 -0.503005 0.864102
1730230120.400027514 1.039140 -2.275132 0.065830 -0.006269 -0.016336 -0.503189 0.863999
1730230120.500035524 1.057740 -2.307242 0.065829 -0.006349 -0.015932 -0.503566 0.863787
1730230120.600036621 1.076430 -2.339442 0.066453 -0.006554 -0.016014 -0.503225 0.863982
1730230120.700031519 1.094049 -2.371902 0.066512 -0.006073 -0.015982 -0.504339 0.863336
1730230120.800030470 1.112819 -2.403002 0.066614 -0.005830 -0.016090 -0.503885 0.863601
1730230120.900023460 1.131909 -2.434512 0.066651 -0.005818 -0.016303 -0.503920 0.863577
1730230121.003234386 1.152139 -2.466552 0.066859 -0.005977 -0.016557 -0.504078 0.863479
1730230121.200029373 1.192349 -2.528122 0.068042 -0.007241 -0.016851 -0.504247 0.863364
1730230121.300023556 1.213589 -2.558042 0.067877 -0.007063 -0.016959 -0.503521 0.863787
1730230121.400006533 1.230599 -2.590582 0.068117 -0.006788 -0.017742 -0.507884 0.861216
1730230121.500019550 1.242849 -2.628072 0.065775 -0.008943 -0.016184 -0.525046 0.850873
1730230121.600021362 1.256639 -2.665332 0.063718 -0.009019 -0.016279 -0.536976 0.843392
1730230121.700034380 1.273589 -2.700492 0.063392 -0.009235 -0.016057 -0.540407 0.841200
1730230121.800027370 1.293139 -2.733192 0.064125 -0.009035 -0.016183 -0.537563 0.843020
1730230121.900027514 1.311739 -2.766222 0.065941 -0.008098 -0.016493 -0.536530 0.843681
1730230122.003239393 1.331639 -2.798242 0.067214 -0.007777 -0.016277 -0.535639 0.844254
1730230122.203245401 1.363039 -2.864873 0.068957 -0.006955 -0.016584 -0.545605 0.837850
1730230122.400006294 1.387609 -2.934773 0.068112 -0.006657 -0.016569 -0.566948 0.823560
1730230122.500029325 1.406489 -2.966283 0.069673 -0.005789 -0.016766 -0.562749 0.826437
1730230122.600021362 1.425059 -2.998113 0.071965 -0.005049 -0.016692 -0.558315 0.829446
1730230122.700037241 1.443449 -3.029513 0.073816 -0.004544 -0.015506 -0.554966 0.831716
1730230122.800027370 1.461819 -3.059883 0.075760 -0.002181 -0.015853 -0.551480 0.834035
1730230122.900011301 1.479469 -3.090023 0.077420 -0.001025 -0.016278 -0.550795 0.834481
1730230123.003239393 1.489779 -3.122683 0.076466 -0.000862 -0.016667 -0.561597 0.827243
1730230123.200076342 1.485929 -3.200683 0.070693 -0.004740 -0.009767 -0.617937 0.786153
1730230123.300019264 1.484879 -3.239003 0.069021 -0.002688 -0.012866 -0.633780 0.773402
1730230123.400025368 1.491479 -3.274083 0.071925 -0.001670 -0.014558 -0.629164 0.777134
1730230123.500026464 1.501589 -3.306173 0.073071 -0.001781 -0.014034 -0.627077 0.778828
1730230123.600032330 1.514499 -3.336193 0.073716 -0.003079 -0.013674 -0.624006 0.781294
1730230123.700044394 1.526309 -3.367913 0.074848 -0.003982 -0.013744 -0.622819 0.782235
1730230123.800029278 1.537679 -3.400493 0.074798 -0.003128 -0.014284 -0.621260 0.783467
1730230123.900037289 1.549139 -3.433283 0.075010 -0.004446 -0.013897 -0.620487 0.784081
1730230124.003226280 1.561689 -3.466473 0.074851 -0.005414 -0.013955 -0.619392 0.784940
1730230124.200011253 1.566949 -3.537083 0.070659 -0.004189 -0.013704 -0.641887 0.766665
1730230124.300031424 1.569289 -3.573823 0.068357 -0.004915 -0.011541 -0.655779 0.754848
1730230124.400026321 1.580679 -3.608133 0.069151 -0.005013 -0.013575 -0.650858 0.759061
1730230124.500024319 1.589579 -3.642263 0.069683 -0.005745 -0.013658 -0.646809 0.762508
1730230124.600039244 1.598229 -3.675313 0.069431 -0.006179 -0.013584 -0.643158 0.765588
1730230124.703117609 1.606369 -3.708313 0.068960 -0.006523 -0.013873 -0.639687 0.768483
1730230124.903237581 1.616669 -3.774613 0.068960 -0.005453 -0.016187 -0.641569 0.766875
1730230125.000017405 1.611079 -3.808893 0.068348 -0.004968 -0.017292 -0.652636 0.757458
1730230125.099985361 1.616429 -3.841083 0.068770 -0.004972 -0.017973 -0.650101 0.759619
1730230125.200030327 1.623949 -3.873683 0.070731 -0.006114 -0.017170 -0.646906 0.762352
1730230125.300040245 1.630939 -3.906193 0.072142 -0.006694 -0.016835 -0.644757 0.764173
1730230125.400038242 1.639259 -3.938593 0.073235 -0.007591 -0.016522 -0.641519 0.766892
1730230125.500039339 1.644819 -3.971403 0.074368 -0.008335 -0.016421 -0.639893 0.768243
1730230125.703127384 1.648909 -4.039223 0.074851 -0.007839 -0.017105 -0.650137 0.759584
1730230125.903226376 1.658049 -4.105563 0.076625 -0.008579 -0.016906 -0.649115 0.760454
1730230126.000033140 1.663219 -4.136723 0.077470 -0.008442 -0.016411 -0.646124 0.763009
1730230126.200030565 1.676169 -4.199503 0.077990 -0.008476 -0.016227 -0.641550 0.766862
1730230126.300032616 1.683129 -4.231183 0.078821 -0.008772 -0.015941 -0.640884 0.767422
1730230126.400033474 1.689409 -4.262403 0.079751 -0.009657 -0.015338 -0.639860 0.768277
1730230126.500032663 1.695279 -4.292263 0.080704 -0.010039 -0.015111 -0.638694 0.769246
1730230126.600038528 1.700809 -4.321103 0.081501 -0.009397 -0.014845 -0.637678 0.770102
1730230126.700024605 1.705659 -4.350653 0.082201 -0.008658 -0.015162 -0.637442 0.770300
1730230126.800023556 1.712019 -4.381093 0.082776 -0.008703 -0.014992 -0.637282 0.770436
1730230126.903232574 1.718229 -4.413143 0.083098 -0.008612 -0.014867 -0.637718 0.770078
1730230127.000027657 1.723139 -4.443874 0.083869 -0.008115 -0.014915 -0.637971 0.769873
1730230127.200040579 1.732839 -4.507584 0.084509 -0.007962 -0.015516 -0.642623 0.765984
1730230127.300023556 1.736159 -4.540404 0.085046 -0.007392 -0.015905 -0.647476 0.761884
1730230127.400017500 1.743539 -4.571724 0.086198 -0.006961 -0.015971 -0.644056 0.764780
1730230127.500026464 1.748749 -4.603664 0.086797 -0.006928 -0.015879 -0.643511 0.765241
1730230127.600026369 1.755269 -4.635324 0.087688 -0.006866 -0.015580 -0.642544 0.766060
1730230127.700025558 1.761429 -4.666654 0.088378 -0.006209 -0.015529 -0.641091 0.767282
1730230127.800022364 1.766329 -4.698804 0.088854 -0.005765 -0.015583 -0.640954 0.767399
1730230127.900024414 1.772909 -4.730944 0.089430 -0.005844 -0.015184 -0.641035 0.767339
1730230128.003222466 1.779569 -4.763734 0.089747 -0.006187 -0.015043 -0.640926 0.767430
1730230128.203252554 1.786159 -4.829484 0.090877 -0.006079 -0.015056 -0.648342 0.761176
1730230128.400022268 1.796299 -4.896054 0.092137 -0.007781 -0.013773 -0.650927 0.758976
1730230128.500025272 1.803079 -4.928104 0.092152 -0.008659 -0.012946 -0.649485 0.760215
1730230128.600026369 1.811709 -4.960194 0.092089 -0.009276 -0.012797 -0.648371 0.761160
1730230128.700036287 1.818149 -4.992284 0.091901 -0.008778 -0.012835 -0.647728 0.761713
1730230128.800030470 1.824029 -5.024254 0.091958 -0.008353 -0.012745 -0.646054 0.763139
1730230128.900027275 1.829639 -5.056284 0.092482 -0.006686 -0.013398 -0.645063 0.763983
1730230129.003235579 1.834039 -5.088554 0.092157 -0.006334 -0.013472 -0.645695 0.763450
1730230129.203227520 1.839159 -5.155524 0.091550 -0.007352 -0.012672 -0.656744 0.753971
1730230129.300025225 1.844949 -5.188144 0.092167 -0.007343 -0.013006 -0.655060 0.755429
1730230129.503223419 1.858388 -5.251414 0.090439 -0.008554 -0.012730 -0.652102 0.757976
1730230129.700023174 1.867588 -5.313264 0.090153 -0.006577 -0.013032 -0.650483 0.759381
1730230129.803222418 1.874728 -5.343734 0.088471 -0.006493 -0.012700 -0.649535 0.760198
1730230130.003224373 1.888918 -5.406514 0.089198 -0.007553 -0.013183 -0.649107 0.760546
1730230130.200028658 1.905558 -5.469564 0.088791 -0.007495 -0.012660 -0.648639 0.760954
1730230130.300032616 1.915198 -5.501854 0.088646 -0.006696 -0.013051 -0.648217 0.761314
1730230130.400022507 1.922878 -5.534854 0.088627 -0.005920 -0.013398 -0.648269 0.761271
1730230130.500028610 1.929528 -5.568194 0.088482 -0.006310 -0.013502 -0.652474 0.757664
1730230130.600021601 1.929468 -5.603904 0.086877 -0.007194 -0.013472 -0.665482 0.746258
1730230130.700033665 1.917478 -5.643674 0.081910 -0.007671 -0.009913 -0.692231 0.721567
1730230130.800045490 1.907198 -5.681934 0.077119 -0.008634 -0.009512 -0.715205 0.698797
1730230130.900084496 1.886278 -5.717134 0.072504 -0.006807 -0.011942 -0.737071 0.675675
1730230131.003253460 1.828222 -5.682316 0.179793 0.007084 -0.022859 -0.729329 0.683745
1730230131.200030565 1.831814 -5.750425 0.182730 0.005685 -0.023650 -0.727216 0.685977
1730230131.300022602 1.834813 -5.783841 0.183560 0.004705 -0.024108 -0.725429 0.687859
1730230131.400042534 1.837634 -5.817427 0.183991 0.003841 -0.023800 -0.724235 0.689132
1730230131.500038624 1.837958 -5.850357 0.184322 0.003986 -0.023547 -0.723834 0.689560
1730230131.600038528 1.839491 -5.882960 0.184507 0.003950 -0.023289 -0.722372 0.691101
1730230131.700040579 1.839952 -5.914566 0.184255 0.003805 -0.023275 -0.721767 0.691734
1730230131.800035477 1.839806 -5.946968 0.183495 0.004913 -0.023434 -0.721112 0.692405
1730230131.900027514 1.838841 -5.980245 0.183550 0.004775 -0.023633 -0.720005 0.693550
1730230132.003222466 1.839881 -6.013969 0.179731 0.004453 -0.023228 -0.719420 0.694173
1730230132.200027466 1.837133 -6.089051 0.178830 0.004113 -0.022685 -0.719016 0.694611
1730230132.300030470 1.836153 -6.127387 0.178277 0.003906 -0.022198 -0.719610 0.694013
1730230132.400025368 1.835827 -6.165335 0.178143 0.003020 -0.021868 -0.719009 0.694650
1730230132.500030518 1.835764 -6.203349 0.177929 0.002217 -0.021490 -0.719199 0.694468
1730230132.600028515 1.834703 -6.240315 0.177452 0.002095 -0.021326 -0.718829 0.694857
1730230132.700026512 1.833392 -6.277258 0.177762 0.001914 -0.021355 -0.718748 0.694941
1730230132.800024509 1.831912 -6.314144 0.177979 0.002224 -0.021638 -0.718425 0.695265
1730230132.900021553 1.830996 -6.351115 0.179282 0.002240 -0.022122 -0.717996 0.695692
1730230133.003235340 1.830377 -6.388972 0.180428 0.002243 -0.022403 -0.717939 0.695742
1730230133.200023413 1.827271 -6.462124 0.183140 0.002677 -0.023079 -0.717457 0.696215
1730230133.300018311 1.824978 -6.498239 0.183060 0.003089 -0.023960 -0.717382 0.696262
1730230133.400017262 1.824055 -6.534661 0.184358 0.002831 -0.024127 -0.717445 0.696191
1730230133.500022411 1.822696 -6.571419 0.185669 0.002943 -0.024222 -0.717375 0.696260
1730230133.600016356 1.820460 -6.608078 0.186778 0.003088 -0.024462 -0.717362 0.696265
1730230133.700020313 1.819491 -6.644389 0.187842 0.002821 -0.024410 -0.717331 0.696299
1730230133.800019264 1.817840 -6.680654 0.187359 0.002835 -0.024273 -0.717572 0.696055
1730230133.900016308 1.816764 -6.716841 0.187050 0.002644 -0.024182 -0.717510 0.696124
1730230134.003230333 1.815352 -6.753852 0.186237 0.002586 -0.023763 -0.717745 0.695896
1730230134.099969149 1.811967 -6.789112 0.186157 0.002546 -0.023881 -0.718069 0.695558
1730230134.300024271 1.806391 -6.860888 0.184139 0.003652 -0.023959 -0.718462 0.695144
1730230134.400016308 1.803511 -6.896810 0.183828 0.003987 -0.023483 -0.718331 0.695294
1730230134.500034332 1.801796 -6.932527 0.183628 0.003584 -0.022665 -0.718614 0.695030
1730230134.600029230 1.798126 -6.968109 0.183102 0.003895 -0.022154 -0.718805 0.694848
1730230134.703114510 1.797255 -7.004492 0.182287 0.003403 -0.020703 -0.719184 0.694503
1730230134.903233528 1.793735 -7.076627 0.181871 0.003293 -0.018499 -0.719661 0.694072
1730230135.000038147 1.793086 -7.112458 0.181499 0.003613 -0.017402 -0.719581 0.694181
1730230135.200030565 1.796066 -7.188069 0.180256 0.003963 -0.014368 -0.720004 0.693810
1730230135.300024509 1.797599 -7.226730 0.179822 0.004286 -0.013013 -0.720857 0.692949
1730230135.400024652 1.801197 -7.267004 0.179651 0.004404 -0.011897 -0.721185 0.692627
1730230135.500022650 1.805898 -7.309354 0.179739 0.004482 -0.010720 -0.722098 0.691693
1730230135.600021601 1.812483 -7.352369 0.180062 0.004231 -0.010062 -0.722447 0.691340
1730230135.700023651 1.820809 -7.397209 0.180189 0.004022 -0.009809 -0.723386 0.690363
1730230135.800011635 1.827066 -7.443888 0.180436 0.004122 -0.009783 -0.727887 0.685615
1730230135.900018454 1.832985 -7.493180 0.180051 0.003648 -0.009597 -0.736382 0.676488
1730230136.003218651 1.836394 -7.547744 0.178926 0.003361 -0.007935 -0.749854 0.661548
1730230136.200031519 1.847217 -7.654032 0.178153 0.003479 -0.012194 -0.769697 0.638284
1730230136.300033569 1.850446 -7.709863 0.175729 0.003094 -0.012395 -0.780471 0.625061
1730230136.400048494 1.849257 -7.762578 0.173833 0.003601 -0.015266 -0.792161 0.610111
1730230136.500038624 1.834748 -7.809530 0.163047 0.009009 -0.021876 -0.810727 0.584946
1730230136.599985600 1.811710 -7.855826 0.158849 0.009951 -0.024991 -0.832437 0.553466
1730230136.699984550 1.783154 -7.892412 0.163082 0.010511 -0.026904 -0.858806 0.511487
1730230136.803223372 1.759615 -7.930192 0.160609 -0.011816 0.025164 0.879912 -0.474323
1730230137.003261566 1.682037 -7.976007 0.152492 -0.015804 0.027908 0.922339 -0.385049
1730230137.200024366 1.600180 -7.994141 0.147418 -0.019727 0.025289 0.955384 -0.293620
1730230137.303253651 1.550801 -7.992375 0.140080 -0.019330 0.025869 0.969644 -0.242380
1730230137.500043392 1.474389 -7.993844 0.145642 -0.015174 0.017881 0.984866 -0.171720
1730230137.600024462 1.443135 -8.011754 0.149484 -0.011302 0.017834 0.985166 -0.170300
1730230137.700018406 1.411451 -8.034905 0.154557 -0.008654 0.016497 0.984737 -0.173051
1730230137.800025463 1.377087 -8.054949 0.156342 -0.007845 0.015376 0.985603 -0.168195
1730230137.903232574 1.338884 -8.069024 0.155178 -0.006999 0.014327 0.987714 -0.155457
1730230138.000031471 1.298752 -8.072025 0.151476 -0.007736 0.013514 0.991684 -0.127750
1730230138.199987411 1.202381 -8.023204 0.131753 -0.006937 0.013634 0.999702 -0.019045
1730230138.300045252 1.157366 -7.985112 0.131472 -0.006441 0.010976 0.998726 0.048838
1730230138.400029421 1.114414 -7.968433 0.131283 -0.003445 0.014781 0.996858 0.077739
1730230138.499991417 1.070541 -7.964080 0.133868 0.002607 0.016229 0.995952 0.088377
1730230138.600007296 1.028556 -7.971626 0.137465 0.006228 0.013805 0.996444 0.082890
1730230138.703114510 0.988478 -7.979920 0.139666 0.007535 0.010865 0.996658 0.080615
1730230138.903233528 0.914414 -7.990613 0.139039 0.008096 0.010746 0.997263 0.072704
1730230139.000030279 0.878806 -7.993715 0.138727 0.008274 0.010897 0.997483 0.069572
1730230139.203233480 0.803438 -7.996954 0.135316 0.008986 0.011182 0.997964 0.062148
1730230139.403239489 0.730212 -7.995365 0.132287 0.009837 0.009992 0.998250 0.057450
1730230139.600035429 0.660303 -7.989695 0.128278 0.009281 0.008316 0.998472 0.053840
1730230139.703120470 0.624271 -7.983733 0.125696 0.008931 0.008117 0.998495 0.053500
1730230139.903242588 0.554121 -7.970864 0.121394 0.008016 0.008446 0.998605 0.051495
1730230140.000026464 0.520081 -7.965607 0.119522 0.007835 0.008267 0.998641 0.050854
1730230140.099975348 0.485221 -7.957799 0.117164 0.007534 0.008220 0.998661 0.050515
1730230140.200026274 0.450500 -7.953260 0.114857 0.007510 0.008690 0.998799 0.047633
1730230140.300007343 0.415036 -7.956741 0.114870 0.007870 0.006971 0.999326 0.035166
1730230140.400051355 0.382598 -7.970670 0.109755 0.006646 0.003089 0.999878 0.013771
1730230140.500039339 0.348866 -7.974710 0.107935 0.006967 0.002741 0.999937 0.008369
1730230140.700026274 0.280243 -7.964727 0.105015 0.007082 0.003771 0.999927 0.009055
1730230140.803233624 0.244727 -7.963451 0.103257 0.006762 0.003637 0.999939 0.007923
1730230140.900022268 0.211128 -7.960360 0.102066 0.006764 0.003670 0.999940 0.007747
1730230141.000023365 0.176623 -7.959220 0.100230 0.006964 0.003357 0.999944 0.007198
1730230141.203235626 0.106539 -7.954738 0.097428 0.007704 0.004025 0.999939 0.006858
1730230141.400024652 0.038382 -7.951086 0.096325 0.008527 0.005157 0.999930 0.006359
1730230141.500031471 0.002668 -7.950854 0.094787 0.008751 0.005400 0.999931 0.005753
1730230141.600029469 -0.036571 -7.950336 0.092279 0.009012 0.005537 0.999932 0.004959
1730230141.700026512 -0.077575 -7.950292 0.089404 0.008990 0.005419 0.999933 0.004946
1730230141.800034523 -0.120508 -7.950394 0.086519 0.009166 0.005591 0.999931 0.004702
1730230141.900023460 -0.163953 -7.949773 0.083555 0.009200 0.006254 0.999928 0.004487
1730230142.003231525 -0.209258 -7.948838 0.080475 0.009271 0.006746 0.999924 0.004537
1730230142.200035572 -0.295979 -7.948406 0.072648 0.009273 0.007435 0.999923 0.003520
1730230142.303231478 -0.341352 -7.947750 0.069354 0.009350 0.007751 0.999921 0.003080
1730230142.500034571 -0.431323 -7.947358 0.062673 0.009278 0.008105 0.999920 0.002942
1730230142.600036383 -0.477919 -7.948269 0.059204 0.009352 0.007525 0.999924 0.002809
1730230142.700050354 -0.524802 -7.949076 0.056519 0.009333 0.006810 0.999930 0.002699
1730230142.800046444 -0.571879 -7.949636 0.053664 0.009150 0.006473 0.999935 0.002114
1730230142.900035381 -0.618510 -7.949641 0.050986 0.009041 0.006465 0.999937 0.001758
1730230143.003222466 -0.666171 -7.950217 0.047641 0.009019 0.005491 0.999941 0.002326
1730230143.200040340 -0.758258 -7.950201 0.042758 0.008278 0.004803 0.999950 0.002993
1730230143.300031424 -0.804945 -7.949294 0.039678 0.007938 0.004730 0.999953 0.003064
1730230143.400040388 -0.852142 -7.947785 0.036838 0.007488 0.004839 0.999953 0.003738
1730230143.500023365 -0.899391 -7.946858 0.034081 0.007196 0.005229 0.999956 0.003091
1730230143.600030422 -0.946668 -7.946671 0.031260 0.006966 0.005571 0.999956 0.002784
1730230143.700025320 -0.993628 -7.946070 0.028762 0.006896 0.005828 0.999957 0.002229
1730230143.800031424 -1.040511 -7.945598 0.026044 0.006839 0.005876 0.999956 0.002409
1730230143.900025368 -1.087234 -7.945314 0.023689 0.007001 0.006120 0.999955 0.001788
1730230144.003220320 -1.135027 -7.945111 0.020113 0.006876 0.006257 0.999956 0.001190
1730230144.200025320 -1.226655 -7.943879 0.015117 0.006809 0.006177 0.999957 0.001360
1730230144.300023317 -1.272572 -7.944193 0.012415 0.006949 0.005895 0.999958 0.000650
1730230144.400029182 -1.318628 -7.943478 0.009546 0.006791 0.005565 0.999961 0.001259
1730230144.500022173 -1.364914 -7.943218 0.006890 0.006756 0.005499 0.999962 0.000815
1730230144.600019217 -1.411207 -7.943074 0.003434 0.006425 0.005133 0.999966 0.000413
1730230144.700024366 -1.456625 -7.943032 -0.001768 0.006519 0.005065 0.999966 -0.000477
1730230144.800025225 -1.502935 -7.942400 -0.004865 0.006430 0.005293 0.999965 -0.000883
1730230144.900019169 -1.548968 -7.941987 -0.007303 0.006831 0.005416 0.999961 -0.001547
1730230145.003222227 -1.595680 -7.942118 -0.011093 0.007140 0.005439 0.999956 -0.002679
1730230145.200023174 -1.687181 -7.941885 -0.015845 0.007348 0.005698 0.999947 -0.004427
1730230145.300017357 -1.733653 -7.943484 -0.019186 0.007217 0.005723 0.999931 -0.007318
1730230145.400023222 -1.780754 -7.946884 -0.022057 0.006940 0.004169 0.999925 -0.009173
1730230145.500033140 -1.827390 -7.947782 -0.024063 0.007045 0.004039 0.999921 -0.009606
1730230145.600034237 -1.873327 -7.947587 -0.026611 0.007191 0.003946 0.999924 -0.009209
1730230145.700038195 -1.919083 -7.948081 -0.028838 0.007207 0.004296 0.999916 -0.009832
1730230145.800025225 -1.964976 -7.947225 -0.031524 0.006903 0.004892 0.999919 -0.009516
1730230145.900030136 -2.010990 -7.947692 -0.033826 0.007160 0.005172 0.999916 -0.009491
1730230146.003222227 -2.058162 -7.947450 -0.037425 0.006983 0.005650 0.999914 -0.009516
1730230146.200027466 -2.148702 -7.947122 -0.042640 0.007371 0.005835 0.999917 -0.008757
1730230146.300023556 -2.194335 -7.947640 -0.045780 0.007487 0.005756 0.999915 -0.009037
1730230146.400033474 -2.240722 -7.948710 -0.048820 0.007052 0.005613 0.999915 -0.009410
1730230146.500026464 -2.287261 -7.948993 -0.051453 0.007107 0.005332 0.999917 -0.009289
1730230146.600030661 -2.333476 -7.950882 -0.054172 0.006946 0.005303 0.999911 -0.010064
1730230146.700026512 -2.379532 -7.950279 -0.056566 0.007280 0.005595 0.999912 -0.009583
1730230146.800025463 -2.425319 -7.951073 -0.059017 0.007286 0.005794 0.999905 -0.010176
1730230146.900025606 -2.470589 -7.951073 -0.060522 0.007387 0.005634 0.999911 -0.009533
1730230147.003223658 -2.516426 -7.952267 -0.063134 0.007381 0.005318 0.999909 -0.009951
1730230147.200024366 -2.605478 -7.953697 -0.066118 0.007834 0.005263 0.999897 -0.010810
1730230147.300029516 -2.650493 -7.954600 -0.068529 0.008189 0.005259 0.999892 -0.010969
1730230147.400026560 -2.695871 -7.955570 -0.070410 0.008436 0.005649 0.999875 -0.012141
1730230147.500028372 -2.741134 -7.956830 -0.071936 0.008950 0.005628 0.999863 -0.012704
1730230147.600024462 -2.786501 -7.957881 -0.073788 0.009157 0.006632 0.999839 -0.013967
1730230147.700021505 -2.832233 -7.957505 -0.075854 0.009523 0.006676 0.999843 -0.013366
1730230147.800028563 -2.877792 -7.959866 -0.078125 0.009680 0.006223 0.999830 -0.014370
1730230147.900025368 -2.923001 -7.959809 -0.081328 0.009633 0.006629 0.999836 -0.013859
1730230148.003218412 -2.969483 -7.960782 -0.083832 0.009671 0.006984 0.999833 -0.013850
1730230148.200031281 -3.062910 -7.960465 -0.086045 0.009873 0.007757 0.999833 -0.013289
1730230148.300019264 -3.110835 -7.961485 -0.086862 0.009783 0.007966 0.999819 -0.014247
1730230148.400028467 -3.158617 -7.964031 -0.088188 0.009431 0.007503 0.999805 -0.015662
1730230148.500030279 -3.206368 -7.966366 -0.089640 0.009202 0.007161 0.999789 -0.016900
1730230148.600027323 -3.254175 -7.968250 -0.091475 0.008878 0.006709 0.999790 -0.017203
1730230148.700030327 -3.301979 -7.969246 -0.092765 0.008634 0.006561 0.999798 -0.016920
1730230148.800027370 -3.349380 -7.970946 -0.094169 0.008540 0.006438 0.999789 -0.017519
1730230148.900027275 -3.396541 -7.972334 -0.095304 0.008551 0.006145 0.999791 -0.017541
1730230149.003245354 -3.444145 -7.974281 -0.098436 0.008108 0.006099 0.999788 -0.017889
1730230149.203232527 -3.539130 -7.977688 -0.102692 0.007917 0.005683 0.999786 -0.018225
1730230149.300026178 -3.586392 -7.979344 -0.104483 0.007901 0.005772 0.999771 -0.019010
1730230149.503220558 -3.686108 -7.983207 -0.111287 0.007416 0.006080 0.999739 -0.020717
1730230149.700022221 -3.782988 -7.987972 -0.120156 0.007887 0.005602 0.999726 -0.021325
1730230149.800026178 -3.832721 -7.991135 -0.123880 0.007741 0.004793 0.999722 -0.021737
1730230149.903227329 -3.883816 -7.993850 -0.127023 0.007784 0.004715 0.999733 -0.021245
1730230150.000022173 -3.932952 -7.996023 -0.128766 0.007864 0.005059 0.999717 -0.021861
1730230150.200025558 -4.033502 -7.999045 -0.133538 0.007603 0.006057 0.999720 -0.021571
1730230150.300017595 -4.083202 -8.001495 -0.135396 0.007051 0.005528 0.999730 -0.021414
1730230150.400032520 -4.132404 -8.005469 -0.137129 0.006885 0.004760 0.999726 -0.021883
1730230150.500027657 -4.181500 -8.007221 -0.139116 0.006944 0.004951 0.999726 -0.021794
1730230150.600025654 -4.230073 -8.009945 -0.141087 0.007234 0.004653 0.999718 -0.022123
1730230150.700033665 -4.278241 -8.012686 -0.142421 0.007327 0.004973 0.999702 -0.022735
1730230150.800021648 -4.326618 -8.013988 -0.144229 0.007497 0.005351 0.999700 -0.022684
1730230150.900029659 -4.374822 -8.016748 -0.146110 0.007732 0.004978 0.999700 -0.022684
1730230151.003232241 -4.423499 -8.018424 -0.150490 0.008102 0.005122 0.999685 -0.023214
1730230151.200026512 -4.518182 -8.021739 -0.154079 0.008643 0.004829 0.999697 -0.022543
1730230151.300018549 -4.565828 -8.023781 -0.155890 0.008698 0.004921 0.999694 -0.022646
1730230151.400030375 -4.613316 -8.025011 -0.157654 0.009014 0.004814 0.999690 -0.022725
1730230151.500025511 -4.660565 -8.026848 -0.159456 0.008888 0.005158 0.999683 -0.022963
1730230151.600026369 -4.707730 -8.027224 -0.161016 0.009137 0.005606 0.999688 -0.022545
1730230151.700021505 -4.754897 -8.028708 -0.163074 0.009305 0.006195 0.999662 -0.023452
1730230151.800026417 -4.802115 -8.029816 -0.164477 0.009382 0.006095 0.999663 -0.023421
1730230151.900027514 -4.849312 -8.031692 -0.166351 0.009045 0.006151 0.999658 -0.023743
1730230152.003233671 -4.896553 -8.034190 -0.170081 0.009119 0.005570 0.999645 -0.024402
1730230152.203230619 -4.990783 -8.038510 -0.173637 0.009071 0.004867 0.999632 -0.025085
1730230152.400026560 -5.084121 -8.043499 -0.176892 0.009578 0.004348 0.999618 -0.025543
1730230152.500033379 -5.130640 -8.046991 -0.177379 0.010125 0.003456 0.999592 -0.026469
1730230152.600035429 -5.176506 -8.050612 -0.178283 0.010705 0.002908 0.999586 -0.026543
1730230152.700037479 -5.222585 -8.053966 -0.179244 0.010891 0.003083 0.999584 -0.026523
1730230152.800045490 -5.268292 -8.056793 -0.180555 0.011009 0.003089 0.999595 -0.026048
1730230152.900037527 -5.311545 -8.057209 -0.178523 0.010440 0.004144 0.999619 -0.025230
1730230153.003221512 -5.356765 -8.060550 -0.182219 0.010234 0.004414 0.999636 -0.024588
1730230153.200040340 -5.444566 -8.065807 -0.184312 0.010166 0.005630 0.999644 -0.024016
1730230153.300041437 -5.481184 -8.068668 -0.183438 0.011249 0.005273 0.999671 -0.022441
1730230153.400039434 -5.508901 -8.071834 -0.182682 0.012063 0.005348 0.999675 -0.021820
1730230153.500033379 -5.531631 -8.072749 -0.182575 0.011757 0.005649 0.999730 -0.019224
1730230153.600044250 -5.551806 -8.072348 -0.182524 0.011538 0.004226 0.999821 -0.014368
1730230153.700054407 -5.571508 -8.067786 -0.183661 0.009839 0.003391 0.999942 -0.002633
1730230153.803256512 -5.591210 -8.063805 -0.186868 0.007927 0.003591 0.999920 0.009190
1730230154.003223419 -5.633600 -8.055812 -0.191487 0.005772 0.001773 0.999566 0.028832
1730230154.203247547 -5.687848 -8.060957 -0.195602 0.004812 0.003135 0.999500 0.031097
1730230154.403250456 -5.755627 -8.069924 -0.200973 0.003494 0.003423 0.999520 0.030580
1730230154.600033283 -5.831126 -8.084203 -0.207568 0.003374 0.002175 0.999583 0.028588
1730230154.700020313 -5.871155 -8.092789 -0.212280 0.003305 0.001210 0.999537 0.030229
1730230154.800024271 -5.913461 -8.098169 -0.216165 0.003711 -0.000522 0.999339 0.036154
1730230154.900038242 -5.954356 -8.099084 -0.221275 0.004743 -0.004734 0.998612 0.052243
1730230155.003225327 -5.993626 -8.097910 -0.228080 0.005328 -0.007960 0.997174 0.074515
1730230155.200043201 -6.092415 -8.111074 0.031900 0.003522 0.006730 0.992397 0.122840
1730230155.303242445 -6.113916 -8.117671 0.026516 0.004957 0.006181 0.989982 0.140968
1730230155.500103235 -6.120922 -8.104469 0.007371 0.001631 0.009480 0.979017 0.203552
1730230155.600010157 -6.120165 -8.090134 0.012994 0.003961 0.012713 0.971026 0.238603
1730230155.700074196 -6.113621 -8.075765 0.017032 0.002744 0.012300 0.959583 0.281145
1730230155.803217411 -6.108576 -8.067173 0.013320 -0.004122 0.019146 0.947946 0.317827
1730230156.003211260 -6.092693 -8.050301 0.014902 -0.002403 0.020683 0.917711 0.396701
1730230156.200042248 -6.080694 -8.046631 0.017824 -0.004532 0.017447 0.889981 0.455642
1730230156.300071239 -6.065368 -8.041062 0.011456 -0.006116 0.018700 0.869843 0.492936
1730230156.400029182 -6.054455 -8.036726 0.010602 -0.004848 0.019410 0.852230 0.522783
1730230156.500036240 -6.040651 -8.031416 0.015486 -0.004188 0.017647 0.832174 0.554218
1730230156.600046158 -6.031162 -8.028035 0.020526 -0.005448 0.013551 0.814861 0.579472
1730230156.700053215 -6.015184 -8.021713 0.020213 -0.005673 0.013043 0.794422 0.607199
1730230156.800064325 -5.996692 -8.016778 0.021998 -0.004209 0.011172 0.773140 0.634122
1730230156.900044203 -6.007177 -8.011154 0.027904 -0.002223 0.011223 0.776406 0.630128
1730230157.003232241 -6.013223 -8.000169 0.030451 -0.002013 0.009601 0.776822 0.629643
1730230157.200050354 -6.030728 -7.950991 0.034484 -0.001081 0.006462 0.777635 0.628682
1730230157.300048351 -6.038747 -7.916710 0.035053 -0.000642 0.005416 0.778178 0.628019
1730230157.400043249 -6.048651 -7.876921 0.036272 0.000022 0.004738 0.778989 0.627019
1730230157.500039339 -6.057528 -7.834300 0.037147 0.000342 0.003874 0.779347 0.626580
1730230157.600025177 -6.066653 -7.790860 0.037566 0.000786 0.003324 0.779550 0.626330
1730230157.703130484 -6.077111 -7.747538 0.037712 0.000693 0.001364 0.780809 0.624768
1730230157.800036192 -6.087593 -7.706563 0.039167 0.001070 0.000000 0.781899 0.623405
1730230157.900044203 -6.096481 -7.666334 0.038014 0.000987 -0.000906 0.782141 0.623100
1730230158.000042200 -6.104797 -7.624599 0.037817 0.001360 -0.000364 0.782271 0.622937
1730230158.203235626 -6.120178 -7.541943 0.034914 0.001676 0.001306 0.782466 0.622689
1730230158.400035620 -6.136456 -7.466197 0.032911 0.002334 0.002017 0.782495 0.622649
1730230158.503223658 -6.144031 -7.427505 0.030656 0.002201 0.002048 0.782748 0.622331
1730230158.700034618 -6.162242 -7.351976 0.028007 0.002573 0.002249 0.782889 0.622152
1730230158.800032616 -6.170901 -7.313551 0.025893 0.002609 0.002154 0.782827 0.622230
1730230158.900030613 -6.180796 -7.275711 0.024012 0.002574 0.002658 0.783323 0.621603
1730230159.003239632 -6.189980 -7.236791 0.021679 0.002465 0.002603 0.783237 0.621713
1730230159.200031519 -6.208687 -7.162566 0.019302 0.003591 0.002867 0.782952 0.622064
1730230159.303256512 -6.212009 -7.121706 0.017633 0.003010 0.001234 0.777719 0.628603
1730230159.400068521 -6.207878 -7.078800 0.017282 -0.000436 -0.000439 0.763975 0.645245
1730230159.600039482 -6.228284 -7.000612 0.019374 0.002115 0.000010 0.768159 0.640255
1730230159.700014353 -6.239949 -6.963603 0.021086 0.002985 0.000195 0.771306 0.636456
1730230159.800029516 -6.250547 -6.927568 0.022246 0.002776 -0.000777 0.772326 0.635219
1730230159.900026560 -6.261135 -6.891591 0.023057 0.002773 -0.001002 0.773304 0.634028
1730230160.003235579 -6.271207 -6.854878 0.022905 0.002076 -0.001089 0.773984 0.633200
1730230160.203232527 -6.291250 -6.782396 0.023658 0.001227 -0.001774 0.774326 0.632783
1730230160.403231621 -6.304345 -6.707649 0.025217 0.002487 -0.002316 0.769995 0.638041
1730230160.500035286 -6.307141 -6.670805 0.024579 0.002987 -0.002535 0.765232 0.643743
1730230160.700034380 -6.323973 -6.597838 0.024647 0.003095 -0.003254 0.769090 0.639124
1730230160.803227663 -6.333679 -6.561740 0.024307 0.002853 -0.004230 0.771096 0.636698
1730230161.003241539 -6.350786 -6.490368 0.024199 0.003662 -0.004196 0.772349 0.635173
1730230161.203242540 -6.358873 -6.415137 0.023037 0.004455 -0.004392 0.763729 0.645506
1730230161.300044298 -6.356999 -6.375077 0.020510 0.004400 -0.005664 0.754826 0.655885
1730230161.400018215 -6.361943 -6.336416 0.015746 0.004176 -0.005577 0.755933 0.654612
1730230161.500031233 -6.369711 -6.298116 0.015039 0.003953 -0.005712 0.757481 0.652820
1730230161.700021267 -6.383847 -6.222969 0.013019 0.004358 -0.003452 0.760781 0.648984
1730230161.803234577 -6.390387 -6.185580 0.010660 0.004145 -0.002719 0.761916 0.647657
1730230162.003230572 -6.402196 -6.111403 0.007009 0.003407 -0.001667 0.763404 0.645910
1730230162.203236341 -6.405575 -6.033439 0.002245 0.002469 -0.003797 0.754053 0.656798
1730230162.300043344 -6.409544 -5.994501 0.000173 0.001932 -0.004668 0.752374 0.658717
1730230162.503224373 -6.424560 -5.914959 -0.001678 -0.000150 -0.004102 0.756659 0.653797
1730230162.700028181 -6.440912 -5.838778 -0.004285 -0.000388 -0.002527 0.759468 0.650539
1730230162.803232431 -6.448039 -5.797167 -0.006233 -0.001297 -0.002698 0.759294 0.650740
1730230163.003222466 -6.464537 -5.714893 -0.009613 -0.001954 -0.003644 0.758883 0.651213
1730230163.203226566 -6.472254 -5.629083 -0.014117 -0.003389 -0.006003 0.750736 0.660567
1730230163.403224468 -6.488483 -5.543428 -0.018283 -0.002184 -0.005035 0.753492 0.657433
1730230163.500022173 -6.497098 -5.502460 -0.019938 -0.001422 -0.005155 0.755355 0.655293
1730230163.700034142 -6.510881 -5.419128 -0.027823 -0.000807 -0.006157 0.755085 0.655597
1730230163.800007343 -6.510404 -5.375754 -0.030224 -0.000200 -0.005579 0.745229 0.666785
1730230163.899986267 -6.500257 -5.330311 -0.034038 -0.002945 -0.007733 0.726164 0.687471
1730230164.003205299 -6.498403 -5.284348 -0.038921 -0.006173 -0.009827 0.715025 0.699002
1730230164.200027466 -6.503871 -5.202130 -0.040349 -0.003363 -0.004741 0.721047 0.692862
1730230164.300032616 -6.505759 -5.162595 -0.041014 -0.003448 -0.003306 0.724193 0.689580
1730230164.400040627 -6.505862 -5.123176 -0.040730 -0.002661 -0.003504 0.722377 0.691485
1730230164.500032663 -6.501148 -5.083925 -0.042075 -0.002201 -0.002791 0.716007 0.698084
1730230164.600030661 -6.499637 -5.045556 -0.042624 -0.002030 -0.001412 0.715345 0.698767
1730230164.700018644 -6.502411 -5.007270 -0.041612 -0.002401 -0.001646 0.718542 0.695477
1730230164.800029516 -6.507025 -4.968445 -0.040625 -0.002769 -0.002533 0.721861 0.692028
1730230164.900019646 -6.512509 -4.929148 -0.040733 -0.002220 -0.002498 0.725091 0.688644
1730230165.003229141 -6.518144 -4.889739 -0.041574 -0.002600 -0.004626 0.727968 0.685590
1730230165.200046539 -6.527292 -4.814189 -0.042741 -0.002005 -0.005623 0.731884 0.681402
1730230165.300050497 -6.526295 -4.775706 -0.043130 -0.001353 -0.005533 0.727012 0.686600
1730230165.400041342 -6.519516 -4.736434 -0.046439 -0.001916 -0.006366 0.715594 0.698484
1730230165.500043392 -6.513839 -4.697262 -0.048954 -0.001769 -0.005979 0.708760 0.705422
1730230165.600050449 -6.513598 -4.659044 -0.049517 -0.000974 -0.003838 0.711624 0.702549
1730230165.700037479 -6.513060 -4.621313 -0.049553 -0.001440 -0.002887 0.713787 0.700356
1730230165.800022364 -6.516145 -4.584753 -0.049154 -0.001640 -0.002425 0.717484 0.696569
1730230165.903237581 -6.518714 -4.548506 -0.049304 -0.002126 -0.003245 0.720485 0.693460
1730230166.000055552 -6.520552 -4.513639 -0.049405 -0.002892 -0.004540 0.722885 0.690948
1730230166.203236580 -6.526953 -4.439470 -0.051463 -0.002434 -0.003182 0.726649 0.686996
1730230166.403232574 -6.533150 -4.364988 -0.052227 -0.003372 -0.003644 0.728805 0.684703
1730230166.500032425 -6.535940 -4.328770 -0.052706 -0.003207 -0.003444 0.729701 0.683750
1730230166.700026274 -6.542844 -4.255202 -0.053568 -0.002501 -0.002615 0.732930 0.680294
1730230166.800025463 -6.546886 -4.218242 -0.054350 -0.002494 -0.002193 0.733727 0.679436
1730230166.900028467 -6.551760 -4.181373 -0.054752 -0.002938 -0.002662 0.734470 0.678630
1730230167.003244400 -6.554837 -4.143007 -0.056136 -0.003273 -0.002584 0.733030 0.680184
1730230167.099977255 -6.550600 -4.104565 -0.058633 -0.003890 -0.003847 0.723639 0.690156
1730230167.303230524 -6.558259 -4.025358 -0.062810 -0.004213 -0.003151 0.726687 0.686948
1730230167.503239393 -6.566356 -3.947564 -0.066269 -0.004366 -0.002088 0.729466 0.684000
1730230167.703115463 -6.576676 -3.867605 -0.068289 -0.004164 -0.002033 0.732139 0.681139
1730230167.900021315 -6.585119 -3.786748 -0.071300 -0.003670 -0.002133 0.733123 0.680083
1730230168.003246546 -6.586529 -3.744259 -0.073439 -0.003074 -0.002924 0.730685 0.682701
1730230168.200053453 -6.567378 -3.655249 -0.080869 -0.007894 -0.008069 0.699417 0.714625
1730230168.300065517 -6.568511 -3.611017 -0.083348 -0.006447 -0.009275 0.700460 0.713602
1730230168.400042534 -6.569857 -3.567769 -0.083530 -0.005136 -0.007803 0.704055 0.710083
1730230168.500016451 -6.572258 -3.524464 -0.084227 -0.004534 -0.006328 0.707468 0.706702
1730230168.600031614 -6.574837 -3.482891 -0.084601 -0.005777 -0.007216 0.710493 0.703643
1730230168.700046539 -6.577927 -3.441568 -0.084544 -0.005611 -0.006514 0.713641 0.700459
1730230168.800014496 -6.581011 -3.400360 -0.085086 -0.004880 -0.005309 0.715708 0.698363
1730230168.900036573 -6.585092 -3.360654 -0.089659 -0.005898 -0.006474 0.717878 0.696113
1730230169.003243446 -6.589809 -3.319991 -0.091144 -0.005730 -0.006563 0.720113 0.693802
1730230169.200041533 -6.597936 -3.242045 -0.091740 -0.006020 -0.008089 0.722633 0.691157
1730230169.300036669 -6.602534 -3.203031 -0.092789 -0.005550 -0.007737 0.724252 0.689469
1730230169.400026560 -6.606274 -3.164605 -0.093366 -0.005290 -0.007697 0.725106 0.688574
1730230169.500021458 -6.610525 -3.126790 -0.093524 -0.005328 -0.008313 0.725356 0.688303
1730230169.600030661 -6.615031 -3.089327 -0.094199 -0.005475 -0.008639 0.725564 0.688079
1730230169.700032473 -6.617560 -3.051981 -0.094392 -0.005181 -0.008613 0.725157 0.688509
1730230169.800035477 -6.615235 -3.014563 -0.095384 -0.005583 -0.008850 0.720288 0.693596
1730230169.900024652 -6.601374 -2.975423 -0.099731 -0.006080 -0.009243 0.703078 0.711027
1730230170.003217459 -6.582960 -2.936535 -0.106614 -0.005856 -0.006735 0.686460 0.727113
1730230170.200003386 -6.579731 -2.863316 -0.105629 -0.003769 -0.005730 0.688919 0.724806
1730230170.300042391 -6.582374 -2.824303 -0.103944 -0.004689 -0.008243 0.691379 0.722429
1730230170.400022507 -6.584716 -2.784089 -0.103061 -0.004732 -0.009447 0.694231 0.719675
1730230170.500036478 -6.586332 -2.743410 -0.102403 -0.004954 -0.010748 0.696321 0.717633
1730230170.600027561 -6.588412 -2.702908 -0.101585 -0.003679 -0.010734 0.698228 0.715785
1730230170.700031519 -6.589408 -2.662710 -0.100557 -0.003354 -0.011095 0.699576 0.714464
1730230170.800032377 -6.589096 -2.622526 -0.100485 -0.002993 -0.010451 0.700957 0.713121
1730230170.900026560 -6.588531 -2.581935 -0.100181 -0.003136 -0.009982 0.702291 0.711813
1730230171.003229380 -6.588344 -2.540984 -0.101056 -0.003379 -0.009952 0.703786 0.710334
1730230171.200025320 -6.589764 -2.461573 -0.100785 -0.002310 -0.010707 0.706116 0.708011
1730230171.300025463 -6.591050 -2.421506 -0.099369 -0.002301 -0.011845 0.706769 0.707341
1730230171.400021315 -6.593073 -2.381903 -0.097722 -0.001763 -0.012563 0.708307 0.705790
1730230171.500028372 -6.593944 -2.342540 -0.096099 -0.001832 -0.013776 0.708401 0.705674
1730230171.600030422 -6.594712 -2.302960 -0.094565 -0.001607 -0.014273 0.709221 0.704840
1730230171.700033426 -6.595069 -2.263451 -0.093099 -0.001580 -0.014530 0.710439 0.703606
1730230171.800035238 -6.593717 -2.224149 -0.091920 -0.001365 -0.013872 0.709854 0.704211
1730230171.900022268 -6.592955 -2.184995 -0.091066 -0.001073 -0.012895 0.711133 0.702938
1730230172.003230333 -6.592461 -2.144631 -0.091442 -0.001038 -0.012745 0.710649 0.703430
1730230172.200032234 -6.591695 -2.067212 -0.091647 -0.000060 -0.012845 0.710642 0.703436
1730230172.300022364 -6.591106 -2.028039 -0.093223 0.000250 -0.012369 0.711503 0.702574
1730230172.400024176 -6.590241 -1.989182 -0.094670 0.000354 -0.011912 0.710910 0.703182
1730230172.500023365 -6.591012 -1.950471 -0.095507 0.000439 -0.012123 0.711070 0.703017
1730230172.600033283 -6.592420 -1.912076 -0.096143 0.000558 -0.012568 0.711757 0.702313
1730230172.700027227 -6.592194 -1.873752 -0.096866 0.000708 -0.012240 0.711586 0.702492
1730230172.800017357 -6.592326 -1.835670 -0.097668 0.000635 -0.011761 0.712063 0.702016
1730230172.900025368 -6.592617 -1.797559 -0.098500 0.000216 -0.011804 0.711701 0.702383
1730230173.003237247 -6.592772 -1.759000 -0.101012 0.000132 -0.011479 0.712350 0.701730
1730230173.200026512 -6.594222 -1.683611 -0.102366 -0.000688 -0.011713 0.713695 0.700358
1730230173.300025463 -6.595164 -1.645481 -0.102442 -0.000700 -0.011666 0.714572 0.699464
1730230173.400026560 -6.596814 -1.607485 -0.102621 -0.000763 -0.011340 0.714911 0.699123
1730230173.500029564 -6.598559 -1.569552 -0.102577 -0.000473 -0.010796 0.715935 0.698083
1730230173.600025654 -6.599623 -1.531512 -0.102608 -0.000218 -0.009971 0.716776 0.697231
1730230173.700024605 -6.600425 -1.493723 -0.102307 -0.000331 -0.009735 0.716475 0.697545
1730230173.800026655 -6.601386 -1.455996 -0.102076 0.000028 -0.009073 0.716890 0.697127
1730230173.900027514 -6.601414 -1.418291 -0.101558 0.000378 -0.008029 0.716661 0.697375
1730230174.003232241 -6.601415 -1.379543 -0.101324 0.000734 -0.007047 0.716773 0.697270
1730230174.200029373 -6.602202 -1.304060 -0.101728 0.000726 -0.006456 0.716730 0.697320
1730230174.300026417 -6.603327 -1.265648 -0.101335 0.000527 -0.006329 0.717032 0.697011
1730230174.400026560 -6.605280 -1.227231 -0.101075 0.000311 -0.006181 0.717290 0.696747
1730230174.500024557 -6.606165 -1.188730 -0.100708 0.000406 -0.005763 0.717418 0.696618
1730230174.600028515 -6.607595 -1.150123 -0.100878 0.000011 -0.005515 0.717306 0.696736
1730230174.700031519 -6.608391 -1.110981 -0.100505 0.000212 -0.005359 0.717391 0.696650
1730230174.803227186 -6.608756 -1.071255 -0.102356 0.000108 -0.005209 0.717389 0.696653
1730230175.003240347 -6.611045 -0.992142 -0.103210 0.000521 -0.005303 0.718011 0.696011
1730230175.200029373 -6.612954 -0.913622 -0.103629 0.000661 -0.006578 0.718168 0.695838
1730230175.300032377 -6.613054 -0.874070 -0.105654 0.000485 -0.006758 0.717806 0.696210
1730230175.400033474 -6.612207 -0.832402 -0.105461 0.000815 -0.006298 0.718327 0.695677
1730230175.500027418 -6.612360 -0.791005 -0.105646 0.000559 -0.005932 0.718535 0.695465
1730230175.600015402 -6.611581 -0.750050 -0.105515 0.000772 -0.005540 0.718751 0.695245
1730230175.700037241 -6.615890 -0.709654 -0.105104 -0.000844 -0.007234 0.723881 0.689886
1730230175.800019264 -6.633653 -0.669489 -0.105508 -0.000728 -0.006555 0.738994 0.673680
1730230175.900032282 -6.642853 -0.629889 -0.105481 -0.001056 -0.007277 0.741440 0.670979
1730230176.003226280 -6.645203 -0.588179 -0.105801 -0.000677 -0.006948 0.741676 0.670721
1730230176.200033426 -6.651888 -0.509654 -0.105396 -0.000175 -0.007311 0.741921 0.670447
1730230176.300032377 -6.655213 -0.469908 -0.105448 -0.000293 -0.007477 0.741935 0.670429
1730230176.400035381 -6.659709 -0.430518 -0.105498 -0.000451 -0.007417 0.742502 0.669802
1730230176.500037432 -6.663389 -0.391005 -0.105775 -0.000700 -0.007259 0.742672 0.669615
1730230176.600038290 -6.668002 -0.351912 -0.105920 -0.001121 -0.007651 0.742830 0.669435
1730230176.700043440 -6.672417 -0.313735 -0.107026 -0.002079 -0.007542 0.742979 0.669269
1730230176.800043344 -6.675950 -0.274818 -0.107140 -0.002305 -0.007349 0.742888 0.669371
1730230176.900041342 -6.679580 -0.236265 -0.107357 -0.002544 -0.007240 0.742748 0.669527
1730230177.003221273 -6.683507 -0.197409 -0.109148 -0.002529 -0.006768 0.743107 0.669133
1730230177.200033188 -6.689485 -0.122665 -0.109871 -0.001000 -0.006551 0.743843 0.668321
1730230177.300038338 -6.693145 -0.084938 -0.109707 -0.000698 -0.006539 0.744251 0.667867
1730230177.400031328 -6.696817 -0.047653 -0.109805 -0.000580 -0.006533 0.744600 0.667478
1730230177.500034332 -6.701292 -0.010196 -0.109810 -0.000479 -0.006687 0.744572 0.667508
1730230177.600030184 -6.705322 0.027224 -0.109605 -0.000230 -0.006775 0.744687 0.667379
1730230177.700034142 -6.709418 0.064942 -0.109206 0.000114 -0.006842 0.744624 0.667448
1730230177.800026178 -6.712960 0.102257 -0.108970 0.000541 -0.006849 0.744454 0.667637
1730230177.900030136 -6.716636 0.139339 -0.108897 0.000474 -0.006976 0.744284 0.667826
1730230178.003236294 -6.719451 0.177788 -0.112165 0.000618 -0.006888 0.743922 0.668231
1730230178.200029612 -6.727800 0.250351 -0.114249 0.000432 -0.008359 0.743375 0.668823
1730230178.300030470 -6.731567 0.287537 -0.114879 0.000623 -0.009178 0.743360 0.668828
1730230178.400028467 -6.735588 0.325166 -0.114659 0.000357 -0.009838 0.743125 0.669079
1730230178.500027657 -6.738901 0.362874 -0.114367 0.000237 -0.010481 0.742767 0.669467
1730230178.600027561 -6.742538 0.400071 -0.113918 0.000301 -0.011158 0.742689 0.669543
1730230178.700034618 -6.745969 0.436780 -0.113657 0.000302 -0.011700 0.742606 0.669626
1730230178.800025463 -6.748934 0.473349 -0.113229 0.000661 -0.012077 0.742455 0.669786
1730230178.900028467 -6.752857 0.509691 -0.113269 0.000494 -0.012331 0.742461 0.669775
1730230179.003227234 -6.756687 0.546528 -0.114132 0.000520 -0.012478 0.742219 0.670041
1730230179.200034380 -6.765616 0.615058 -0.115682 0.000290 -0.013336 0.742132 0.670120
1730230179.300020456 -6.770076 0.649273 -0.116473 0.000636 -0.013525 0.741747 0.670543
1730230179.400026560 -6.775537 0.683419 -0.116484 0.000266 -0.013582 0.741193 0.671155
1730230179.500037432 -6.781709 0.717383 -0.116457 0.000095 -0.013445 0.741078 0.671284
1730230179.600030422 -6.787967 0.750424 -0.116208 -0.000043 -0.013346 0.740578 0.671837
1730230179.700034380 -6.795729 0.782842 -0.115800 -0.000381 -0.013159 0.740166 0.672295
1730230179.800034523 -6.801885 0.814528 -0.115198 -0.000765 -0.013298 0.738771 0.673825
1730230179.900027514 -6.804817 0.846071 -0.114320 0.000179 -0.012161 0.733844 0.679209
1730230180.003248215 -6.805708 0.879198 -0.115656 -0.000492 -0.012363 0.726544 0.687009
1730230180.200046539 -6.794015 0.948531 -0.120289 -0.003860 -0.014802 0.698615 0.715334
1730230180.300045490 -6.790377 0.984638 -0.123812 -0.005945 -0.015375 0.683667 0.729608
1730230180.400027514 -6.784666 1.020791 -0.127460 -0.009812 -0.014341 0.664965 0.746672
1730230180.500064373 -6.780861 1.056780 -0.131607 -0.010876 -0.013127 0.648875 0.760704
1730230180.600084543 -6.836454 1.038889 -0.176699 -0.001254 0.002097 0.625194 0.780465
1730230180.699981451 -6.807859 1.069377 -0.183442 0.001759 0.009400 0.600378 0.799659
1730230180.800012350 -6.777262 1.096836 -0.179605 0.001262 0.006561 0.574532 0.818455
1730230180.900094509 -6.757807 1.126507 -0.178546 0.000737 0.009016 0.556945 0.830500
1730230181.003288507 -6.739906 1.160097 -0.180088 0.006696 0.014473 0.539164 0.842050
1730230181.203241587 -6.715737 1.234314 -0.179623 0.000145 0.009790 0.510300 0.859940
1730230181.300051451 -6.698006 1.263611 -0.179751 -0.004692 0.008319 0.488500 0.872512
1730230181.400019407 -6.683497 1.299828 -0.181279 -0.009662 0.007317 0.473482 0.880720
1730230181.599970341 -6.614169 1.362198 -0.189612 -0.008278 0.012017 0.432840 0.901352
1730230181.700059414 -6.578491 1.395377 -0.186809 -0.010392 0.009142 0.406857 0.913387
1730230181.800094366 -6.551737 1.435251 -0.188616 -0.009529 0.009521 0.389793 0.920804
1730230181.900013447 -6.521626 1.474913 -0.194275 -0.001865 0.011317 0.369100 0.929319
1730230182.003288269 -6.493168 1.524626 -0.197814 -0.001019 0.010340 0.353462 0.935391
1730230182.200041294 -6.433529 1.614040 -0.198678 -0.011615 0.003666 0.310002 0.950658
1730230182.300032377 -6.399298 1.659243 -0.202754 -0.015914 0.002346 0.291877 0.956321
1730230182.400059462 -6.354429 1.694694 -0.212591 -0.014979 0.006614 0.268548 0.963127
1730230182.499989271 -6.311259 1.735380 -0.215389 -0.012586 0.006187 0.253766 0.967164
1730230182.600045443 -6.292997 1.674418 -0.190243 -0.011070 -0.004693 0.242676 0.970033
1730230182.700059414 -6.253060 1.682060 -0.186384 -0.008985 -0.005104 0.227313 0.973767
1730230182.800039291 -6.215630 1.693758 -0.183381 -0.004633 -0.005546 0.223844 0.974598
1730230182.900024414 -6.180246 1.710746 -0.180345 -0.001367 -0.004791 0.228682 0.973488
1730230183.003250360 -6.144672 1.732088 -0.179044 -0.001972 -0.004346 0.234929 0.972001
1730230183.200038195 -6.079520 1.778318 -0.177168 -0.006922 -0.005535 0.242707 0.970059
1730230183.300029278 -6.047060 1.804023 -0.175706 -0.007512 -0.006555 0.245757 0.969280
1730230183.400044203 -6.012278 1.827354 -0.174482 -0.008319 -0.007617 0.243931 0.969727
1730230183.503241301 -5.973750 1.845911 -0.172698 -0.005847 -0.007226 0.235330 0.971871
1730230183.700019360 -5.898007 1.877166 -0.174503 -0.003151 -0.007137 0.212846 0.977055
1730230183.803232670 -5.859628 1.898182 -0.174627 -0.001920 -0.006445 0.214493 0.976703
1730230184.003232479 -5.787733 1.937700 -0.173728 -0.001320 -0.006147 0.211680 0.977319
1730230184.099991322 -5.748089 1.950794 -0.174605 -0.002820 -0.006132 0.192645 0.981245
1730230184.200090170 -5.706152 1.953875 -0.177358 -0.009501 -0.004300 0.151040 0.988473
1730230184.403241634 -5.619169 1.971200 -0.172113 -0.002902 -0.008932 0.132640 0.991120
1730230184.500019312 -5.579821 1.982212 -0.169757 -0.004226 -0.009330 0.134830 0.990816
1730230184.703119516 -5.506074 2.007207 -0.166625 -0.006513 -0.010680 0.142981 0.989646
1730230184.800040245 -5.471664 2.018966 -0.166364 -0.007735 -0.011908 0.144728 0.989370
1730230184.900036335 -5.436117 2.031447 -0.166453 -0.007852 -0.012688 0.145901 0.989187
1730230185.000039339 -5.399569 2.045206 -0.166291 -0.007024 -0.013190 0.147800 0.988904
1730230185.200044394 -5.326759 2.067876 -0.162933 -0.005353 -0.013241 0.148726 0.988775
1730230185.300031424 -5.288959 2.075414 -0.160970 -0.004908 -0.013771 0.138409 0.990267
1730230185.400005579 -5.248043 2.073565 -0.162544 -0.007506 -0.012425 0.111895 0.993614
1730230185.500058413 -5.208083 2.075557 -0.162245 -0.009317 -0.012721 0.095402 0.995314
1730230185.600053549 -5.170993 2.081157 -0.160874 -0.007730 -0.012298 0.096776 0.995200
1730230185.700031519 -5.135315 2.086835 -0.159905 -0.004863 -0.010128 0.100593 0.994864
1730230185.800033569 -5.100406 2.093112 -0.158564 -0.003858 -0.007923 0.104262 0.994511
1730230185.900026560 -5.065818 2.100857 -0.156942 -0.004125 -0.006927 0.107938 0.994125
1730230186.003240347 -5.030413 2.111339 -0.155497 -0.005456 -0.005996 0.111682 0.993711
1730230186.203218460 -4.961253 2.133235 -0.152469 -0.007838 -0.006767 0.117669 0.992999
1730230186.400027275 -4.886514 2.141339 -0.150671 -0.004200 -0.007835 0.103277 0.994613
1730230186.503261566 -4.849179 2.150589 -0.149748 -0.003277 -0.007353 0.107915 0.994128
1730230186.700032473 -4.777863 2.172260 -0.147734 -0.006266 -0.008591 0.115688 0.993229
1730230186.803217411 -4.739124 2.182394 -0.148142 -0.006810 -0.008785 0.117633 0.992995
1730230187.003214359 -4.662112 2.199050 -0.146097 -0.004882 -0.009305 0.108897 0.993997
1730230187.200041294 -4.579228 2.197651 -0.148227 -0.005622 -0.011800 0.075290 0.997076
1730230187.300026417 -4.538850 2.204615 -0.146877 -0.003167 -0.012576 0.076912 0.996954
1730230187.400025368 -4.499200 2.213224 -0.144593 -0.001242 -0.011916 0.083891 0.996403
1730230187.500029325 -4.460152 2.221333 -0.143023 -0.000773 -0.010801 0.089651 0.995914
1730230187.600022316 -4.420885 2.230458 -0.141577 -0.000800 -0.009890 0.095002 0.995428
1730230187.700033426 -4.381940 2.241501 -0.139908 -0.001943 -0.009756 0.100081 0.994930
1730230187.800040245 -4.342475 2.252734 -0.138230 -0.003297 -0.010004 0.104020 0.994520
1730230187.900037289 -4.303099 2.265096 -0.136233 -0.004720 -0.010566 0.108423 0.994038
1730230188.003216267 -4.263178 2.278136 -0.135101 -0.005246 -0.011001 0.110865 0.993761
1730230188.200038195 -4.189416 2.303977 -0.136127 -0.004299 -0.011387 0.113263 0.993490
1730230188.300038338 -4.147468 2.306093 -0.136138 -0.004053 -0.011672 0.099544 0.994957
1730230188.403225422 -4.102122 2.300559 -0.138742 -0.007505 -0.011682 0.070905 0.997386
1730230188.600052357 -4.019632 2.301866 -0.138496 -0.005353 -0.011769 0.061672 0.998013
1730230188.700028181 -3.979018 2.303974 -0.136930 -0.002702 -0.010182 0.066103 0.997757
1730230188.803240299 -3.938557 2.308764 -0.135327 -0.001130 -0.008992 0.071192 0.997422
1730230188.900042295 -3.900966 2.316075 -0.136114 -0.000634 -0.008745 0.075881 0.997078
1730230189.000010252 -3.861398 2.325136 -0.134139 0.000744 -0.008711 0.080296 0.996733
1730230189.200042486 -3.781928 2.346678 -0.128397 -0.002431 -0.010787 0.089250 0.995948
1730230189.300030470 -3.742240 2.357145 -0.126216 -0.002720 -0.010878 0.092947 0.995608
1730230189.400043488 -3.702482 2.366095 -0.121738 -0.004250 -0.011238 0.094458 0.995456
1730230189.500041485 -3.662416 2.371376 -0.118616 -0.004376 -0.011231 0.093000 0.995593
1730230189.600035667 -3.622570 2.375448 -0.116180 -0.003770 -0.011557 0.090710 0.995803
1730230189.700035572 -3.583268 2.381110 -0.114116 -0.003832 -0.011426 0.091490 0.995733
1730230189.800036669 -3.544105 2.387487 -0.111474 -0.004825 -0.012034 0.092809 0.995600
1730230189.900036573 -3.504983 2.395230 -0.109013 -0.005677 -0.012605 0.095070 0.995375
1730230190.003230333 -3.464821 2.401597 -0.106797 -0.006346 -0.013148 0.095407 0.995331
1730230190.200037479 -3.388730 2.414520 -0.100400 -0.007997 -0.014598 0.098017 0.995046
1730230190.300041437 -3.350350 2.421744 -0.098599 -0.007999 -0.014961 0.099243 0.994919
1730230190.400035381 -3.311850 2.429780 -0.096378 -0.007673 -0.015131 0.100732 0.994769
1730230190.500025511 -3.273341 2.438567 -0.094486 -0.007437 -0.015263 0.102492 0.994589
1730230190.600028515 -3.234033 2.446315 -0.092945 -0.006998 -0.015164 0.103591 0.994480
1730230190.700024366 -3.195149 2.453894 -0.089913 -0.006770 -0.014814 0.103946 0.994450
1730230190.800023556 -3.156082 2.462168 -0.088498 -0.007032 -0.014758 0.104605 0.994380
1730230190.900021553 -3.117295 2.470836 -0.086961 -0.007479 -0.014760 0.105017 0.994333
1730230191.003230333 -3.076520 2.479828 -0.086060 -0.007749 -0.014439 0.104845 0.994354
1730230191.200026274 -2.995136 2.497551 -0.085779 -0.007708 -0.014239 0.106515 0.994179
1730230191.300034285 -2.952686 2.507727 -0.085924 -0.008320 -0.013720 0.106827 0.994148
1730230191.403236151 -2.906860 2.518089 -0.084160 -0.007718 -0.013308 0.106643 0.994179
1730230191.600020409 -2.818173 2.538235 -0.085165 -0.007187 -0.012947 0.106725 0.994178
1730230191.700030327 -2.772507 2.550268 -0.085960 -0.007124 -0.012654 0.107198 0.994132
1730230191.800019264 -2.725920 2.562089 -0.086470 -0.006444 -0.012232 0.107135 0.994148
1730230191.900029421 -2.752753 2.628427 -0.085038 0.004702 -0.009569 0.103518 0.994570
1730230192.003235340 -2.707370 2.641997 -0.086795 0.004460 -0.009826 0.103022 0.994621
1730230192.203233242 -2.618700 2.667696 -0.090902 0.005058 -0.010714 0.103402 0.994569
1730230192.400022268 -2.529801 2.693853 -0.097053 0.006490 -0.010849 0.102795 0.994622
1730230192.500024319 -2.482129 2.707505 -0.101617 0.008029 -0.010734 0.102973 0.994594
1730230192.600023270 -2.433317 2.720259 -0.106538 0.008056 -0.011018 0.099313 0.994963
1730230192.703140497 -2.384054 2.729047 -0.113796 0.008654 -0.011533 0.089821 0.995854
1730230192.800038338 -2.336932 2.731362 -0.122157 0.008313 -0.012093 0.073736 0.997170
1730230193.003260612 -2.242040 2.734421 -0.140141 0.005521 -0.012569 0.045376 0.998876
1730230193.200054646 -2.152902 2.727623 -0.163917 0.007758 -0.007815 0.013384 0.999850
1730230193.300087452 -2.106664 2.703909 -0.182300 0.012258 -0.003877 -0.011964 0.999846
1730230193.400012493 -2.057621 2.680839 -0.172310 0.009806 -0.005926 -0.026946 0.999571
1730230193.500018597 -2.012632 2.662789 -0.157327 0.009029 -0.008701 -0.045904 0.998867
1730230193.600039482 -1.970006 2.651858 -0.145277 0.007847 -0.007965 -0.055085 0.998419
1730230193.700033665 -1.925258 2.650836 -0.134705 0.007321 -0.007190 -0.057507 0.998292
1730230193.800036669 -1.878286 2.651390 -0.124535 0.005843 -0.006779 -0.057639 0.998297
1730230193.900042534 -1.830875 2.654279 -0.114850 0.004530 -0.006472 -0.054958 0.998458
1730230194.003223419 -1.782243 2.658882 -0.105019 0.003350 -0.005391 -0.051754 0.998640
1730230194.200041533 -1.684500 2.668016 -0.090709 0.005292 -0.004134 -0.045346 0.998949
1730230194.300032616 -1.632284 2.673140 -0.084338 0.007628 -0.003743 -0.043276 0.999027
1730230194.400020599 -1.580039 2.678612 -0.078269 0.007858 -0.003665 -0.042140 0.999074
1730230194.500006676 -1.527203 2.682152 -0.073786 0.007329 -0.004259 -0.047125 0.998853
1730230194.600014448 -1.472187 2.681442 -0.068863 0.003316 -0.005576 -0.059888 0.998184
1730230194.700049639 -1.415667 2.680237 -0.065109 0.000910 -0.005264 -0.071859 0.997401
1730230194.800040483 -1.358208 2.682630 -0.060685 0.001812 -0.005553 -0.076393 0.997061
1730230194.900018454 -1.300145 2.681188 -0.056505 0.001495 -0.007063 -0.084293 0.996415
1730230195.003260374 -1.239048 2.669794 -0.053200 -0.002415 -0.007580 -0.107605 0.994162
1730230195.200061321 -1.140946 2.600558 -0.055132 -0.009259 -0.006905 -0.220832 0.975244
1730230195.299976587 -1.107475 2.550201 -0.065089 0.004929 -0.002807 -0.279133 0.960236
1730230195.399961472 -1.080030 2.502455 -0.058751 0.002987 -0.005555 -0.333337 0.942787
1730230195.500038624 -1.055370 2.466082 -0.058858 0.006578 -0.008083 -0.376887 0.926201
1730230195.600062609 -1.044011 2.419761 -0.063508 0.010887 -0.013976 -0.428757 0.903246
1730230195.699986458 -1.027811 2.383653 -0.060393 0.007950 -0.014619 -0.463841 0.885762
1730230195.803268433 -1.022921 2.342801 -0.059017 0.006979 -0.011331 -0.508682 0.860852
1730230196.003208399 -0.996471 2.262155 -0.061130 0.011108 -0.012433 -0.534870 0.844770
1730230196.200037479 -0.949111 2.182421 -0.060914 0.010311 -0.012235 -0.544636 0.838520
1730230196.300025463 -0.920843 2.140472 -0.060050 0.008229 -0.011668 -0.545677 0.837874
1730230196.400027514 -0.889868 2.097175 -0.059583 0.006623 -0.009770 -0.542843 0.839751
1730230196.500037670 -0.859256 2.052477 -0.059734 0.004532 -0.008674 -0.540833 0.841073
1730230196.600043535 -0.831356 2.005483 -0.060180 0.004163 -0.008465 -0.539927 0.841659
1730230196.700025558 -0.803467 1.957885 -0.061405 0.005651 -0.008714 -0.537606 0.843132
1730230196.800024509 -0.775269 1.910216 -0.062446 0.005240 -0.008977 -0.536506 0.843833
1730230196.900025606 -0.748529 1.862905 -0.063420 0.003952 -0.008716 -0.537095 0.843468
1730230197.003235579 -0.723512 1.813688 -0.063737 0.002561 -0.008871 -0.541541 0.840623
1730230197.203211546 -0.682135 1.716266 -0.065962 -0.001128 -0.007153 -0.553655 0.832715
1730230197.400040388 -0.653406 1.610657 -0.067819 -0.002202 -0.005329 -0.582925 0.812506
1730230197.500062466 -0.641997 1.555859 -0.069979 -0.001744 -0.007170 -0.592453 0.805571
1730230197.600029469 -0.630829 1.502734 -0.069743 0.001358 -0.010347 -0.593459 0.804796
1730230197.699981451 -0.612463 1.452815 -0.068312 0.003284 -0.012156 -0.587989 0.808771
1730230197.800018549 -0.591860 1.402583 -0.066758 0.000426 -0.011551 -0.584870 0.811045
1730230197.900036573 -0.571122 1.352432 -0.064882 -0.002699 -0.012156 -0.582850 0.812484
1730230198.003216505 -0.549308 1.300960 -0.064015 -0.005059 -0.012630 -0.580426 0.814199
1730230198.099926472 -0.530132 1.251753 -0.062966 -0.005455 -0.013373 -0.579333 0.814963
1730230198.200059414 -0.513250 1.201666 -0.062739 -0.006251 -0.013858 -0.581657 0.813292
1730230198.400037289 -0.482558 1.102959 -0.062195 -0.006472 -0.015223 -0.590426 0.806922
1730230198.500020266 -0.469987 1.051975 -0.062381 -0.006471 -0.014491 -0.595955 0.802861
1730230198.600037336 -0.456267 1.000497 -0.061797 -0.006219 -0.014320 -0.598830 0.800724
1730230198.700028419 -0.441092 0.949598 -0.061895 -0.005646 -0.014626 -0.597325 0.801846
1730230198.800033331 -0.424957 0.899081 -0.061614 -0.004333 -0.014602 -0.595519 0.803197
1730230198.900023460 -0.408470 0.847794 -0.064346 -0.003587 -0.014651 -0.593987 0.804333
1730230199.003234386 -0.392144 0.795185 -0.064812 -0.003438 -0.014769 -0.594775 0.803749
1730230199.200024366 -0.371918 0.689955 -0.065672 -0.003353 -0.016416 -0.611084 0.791388
1730230199.303230286 -0.362481 0.632768 -0.066484 -0.006747 -0.013622 -0.621458 0.783300
1730230199.503228426 -0.332302 0.531160 -0.062967 -0.005320 -0.015954 -0.615137 0.788241
1730230199.700034142 -0.303973 0.434871 -0.060756 -0.003002 -0.016822 -0.607243 0.794332
1730230199.803230286 -0.288579 0.386191 -0.059892 -0.002784 -0.016751 -0.604311 0.796567
1730230200.003230333 -0.257484 0.290772 -0.059620 -0.002815 -0.016203 -0.600293 0.799612
1730230200.200045586 -0.228134 0.197149 -0.060064 -0.003122 -0.016250 -0.601646 0.798591
1730230200.300045490 -0.221091 0.146293 -0.061649 -0.004922 -0.015815 -0.613688 0.789375
1730230200.400040627 -0.211030 0.096316 -0.062563 -0.004448 -0.016168 -0.619652 0.784697
1730230200.500036478 -0.197269 0.049351 -0.061499 -0.003233 -0.016850 -0.616009 0.787552
1730230200.600036621 -0.186059 0.002666 -0.060382 -0.002209 -0.016225 -0.616894 0.786876
1730230200.700013638 -0.171488 -0.041185 -0.058730 0.000522 -0.016357 -0.613267 0.789706
1730230200.800030470 -0.156519 -0.085014 -0.057692 0.000420 -0.014414 -0.609903 0.792345
1730230200.900023460 -0.144415 -0.127720 -0.055452 -0.001019 -0.014001 -0.610862 0.791613
1730230201.003248453 -0.140198 -0.165490 -0.055505 -0.005210 -0.013313 -0.621439 0.783332
1730230201.200059414 -0.138106 -0.191691 -0.054597 -0.014558 -0.013534 -0.637612 0.770101
1730230201.300032377 -0.142405 -0.185772 -0.054417 -0.013933 -0.014945 -0.643627 0.765067
1730230201.400028467 -0.144874 -0.174941 -0.053541 -0.013324 -0.015531 -0.644374 0.764437
1730230201.500017405 -0.149625 -0.165200 -0.053275 -0.010812 -0.015810 -0.644487 0.764375
1730230201.600035429 -0.148590 -0.155508 -0.052239 -0.008594 -0.014847 -0.637498 0.770261
1730230201.700011492 -0.147601 -0.147202 -0.051315 -0.006891 -0.014047 -0.632419 0.774469
1730230201.800029516 -0.144847 -0.140303 -0.050526 -0.005722 -0.013810 -0.626377 0.779377
1730230201.900030375 -0.141813 -0.137615 -0.049990 -0.004201 -0.014121 -0.622772 0.782264
1730230202.003260374 -0.138878 -0.142795 -0.049996 -0.003503 -0.013984 -0.620048 0.784431
1730230202.200044394 -0.126212 -0.166870 -0.049896 -0.005900 -0.012948 -0.612488 0.790352
1730230202.300030470 -0.115480 -0.184873 -0.049073 -0.006666 -0.013287 -0.608320 0.793553
1730230202.400028467 -0.103543 -0.206306 -0.048362 -0.008837 -0.013066 -0.604960 0.796100
1730230202.500036240 -0.091424 -0.229043 -0.047558 -0.011142 -0.012849 -0.603706 0.797026
1730230202.600014448 -0.080462 -0.249200 -0.046926 -0.012479 -0.013246 -0.602815 0.797674
1730230202.700021267 -0.079318 -0.272077 -0.048836 -0.016669 -0.011281 -0.613421 0.789500
1730230202.800039291 -0.079328 -0.295870 -0.051542 -0.018824 -0.010492 -0.624804 0.780484
1730230202.900054455 -0.078737 -0.318398 -0.053273 -0.019746 -0.010999 -0.634547 0.772554
1730230203.003234148 -0.076926 -0.339383 -0.055587 -0.019345 -0.012202 -0.643784 0.764865
1730230203.200034380 -0.069511 -0.377306 -0.059056 -0.018656 -0.012367 -0.655762 0.754636
1730230203.300051451 -0.070692 -0.394331 -0.061478 -0.015825 -0.013425 -0.659328 0.751569
1730230203.400040388 -0.072532 -0.411387 -0.063814 -0.011660 -0.016041 -0.664346 0.747163
1730230203.500020266 -0.070159 -0.426915 -0.064582 -0.011273 -0.017395 -0.668840 0.743117
1730230203.600019455 -0.071162 -0.442969 -0.064197 -0.013700 -0.016223 -0.674034 0.738395
1730230203.703093529 -0.075985 -0.457959 -0.064855 -0.014999 -0.013111 -0.683424 0.729750
1730230203.903233528 -0.064198 -0.480749 -0.059580 -0.014384 -0.015854 -0.673453 0.738920
1730230204.000015259 -0.059697 -0.490152 -0.056403 -0.014615 -0.015942 -0.668803 0.743125
1730230204.099980354 -0.056537 -0.498822 -0.054278 -0.014469 -0.016091 -0.665404 0.746169
1730230204.200024366 -0.053581 -0.506842 -0.052349 -0.015156 -0.016726 -0.663203 0.748099
1730230204.300032139 -0.050957 -0.514495 -0.050882 -0.016107 -0.016714 -0.661903 0.749230
1730230204.400031328 -0.049441 -0.522116 -0.049820 -0.016516 -0.016855 -0.660410 0.750535
1730230204.500026226 -0.048760 -0.529883 -0.050072 -0.016480 -0.016851 -0.659458 0.751372
1730230204.703118563 -0.048158 -0.545010 -0.048287 -0.017708 -0.016299 -0.657254 0.753285
1730230204.800032139 -0.046032 -0.550821 -0.046930 -0.018803 -0.015158 -0.652847 0.757105
1730230204.900023222 -0.044335 -0.555565 -0.045661 -0.018629 -0.015143 -0.648777 0.760600
1730230205.000046253 -0.042516 -0.559435 -0.044342 -0.019567 -0.014846 -0.644710 0.764033
1730230205.099925518 -0.041051 -0.562651 -0.042908 -0.018568 -0.015738 -0.641441 0.766786
1730230205.300008535 -0.040354 -0.568618 -0.041077 -0.017448 -0.016563 -0.636731 0.770710
1730230205.400025606 -0.039534 -0.570663 -0.041592 -0.017994 -0.015402 -0.633097 0.773710
1730230205.500031471 -0.040654 -0.574341 -0.040820 -0.018120 -0.014980 -0.631976 0.774631
1730230205.600028515 -0.040088 -0.577456 -0.040451 -0.019417 -0.014118 -0.630365 0.775928
1730230205.700031519 -0.039365 -0.580797 -0.040010 -0.020325 -0.013682 -0.628857 0.777135
1730230205.800034523 -0.039166 -0.583703 -0.039724 -0.020600 -0.013665 -0.628516 0.777404
1730230205.903233528 -0.038967 -0.585696 -0.039927 -0.020538 -0.013766 -0.628275 0.777598
1730230206.000028610 -0.039508 -0.587607 -0.039360 -0.020515 -0.013887 -0.627984 0.777832
1730230206.200033426 -0.039035 -0.589959 -0.038978 -0.020120 -0.014193 -0.627629 0.778123
1730230206.300026417 -0.037933 -0.590712 -0.038506 -0.018715 -0.014849 -0.625875 0.779558
1730230206.400027514 -0.037432 -0.591569 -0.038205 -0.018626 -0.014941 -0.626337 0.779186
1730230206.500032425 -0.036117 -0.591969 -0.037663 -0.018819 -0.015036 -0.625470 0.779876
1730230206.600030422 -0.034873 -0.592238 -0.037315 -0.018838 -0.015086 -0.625554 0.779807
1730230206.700028419 -0.034604 -0.592768 -0.036994 -0.018669 -0.015273 -0.625533 0.779825
1730230206.800027370 -0.033670 -0.593177 -0.036616 -0.018599 -0.015432 -0.625623 0.779751
1730230206.900030375 -0.033136 -0.593818 -0.036128 -0.018502 -0.015694 -0.625874 0.779546
1730230207.003229618 -0.032455 -0.593333 -0.036064 -0.018349 -0.015895 -0.625937 0.779496
1730230207.203229666 -0.031138 -0.592700 -0.035125 -0.018299 -0.016013 -0.626110 0.779355
1730230207.300027370 -0.029605 -0.591351 -0.035603 -0.018140 -0.016018 -0.625994 0.779452
1730230207.503225565 -0.028958 -0.588737 -0.035567 -0.017940 -0.016090 -0.626111 0.779362
1730230207.700026274 -0.028356 -0.588130 -0.034818 -0.017838 -0.016102 -0.626099 0.779374
1730230207.800026417 -0.027926 -0.587693 -0.034909 -0.017772 -0.016047 -0.626166 0.779322
1730230207.900028467 -0.027856 -0.587822 -0.034622 -0.017730 -0.016074 -0.626225 0.779275
1730230208.003225565 -0.027737 -0.587425 -0.034742 -0.017752 -0.016083 -0.626250 0.779254
1730230208.203222513 -0.027738 -0.587848 -0.034340 -0.017935 -0.016062 -0.626225 0.779270
1730230208.300026178 -0.027671 -0.587224 -0.034931 -0.017766 -0.016019 -0.626151 0.779334
1730230208.503219366 -0.028467 -0.586451 -0.035684 -0.017845 -0.015971 -0.626232 0.779269
1730230208.703108311 -0.029643 -0.587182 -0.035649 -0.017918 -0.015889 -0.626279 0.779231
1730230208.800025225 -0.030306 -0.587669 -0.035538 -0.018048 -0.015873 -0.626250 0.779252
1730230208.900028229 -0.030848 -0.587812 -0.035803 -0.018186 -0.015866 -0.626293 0.779214
1730230209.000024319 -0.030971 -0.587206 -0.037654 -0.018104 -0.015807 -0.626224 0.779273
1730230209.200029612 -0.032191 -0.588203 -0.037929 -0.018277 -0.015782 -0.626162 0.779319
1730230209.300028563 -0.032814 -0.588747 -0.038012 -0.018276 -0.015761 -0.626161 0.779321
1730230209.400026560 -0.033398 -0.589198 -0.038008 -0.018357 -0.015748 -0.626078 0.779385
1730230209.503227472 -0.033955 -0.589058 -0.038690 -0.018400 -0.015723 -0.626154 0.779324
1730230209.700027466 -0.034967 -0.589764 -0.038531 -0.018471 -0.015702 -0.626149 0.779326
1730230209.800027609 -0.035188 -0.589719 -0.038866 -0.018498 -0.015725 -0.626164 0.779313
1730230209.900027514 -0.035502 -0.590199 -0.038881 -0.018514 -0.015717 -0.626100 0.779365
1730230210.003223419 -0.035736 -0.590151 -0.039265 -0.018539 -0.015692 -0.626125 0.779345
1730230210.200024366 -0.036183 -0.590639 -0.038930 -0.018572 -0.015690 -0.626124 0.779344
1730230210.300025463 -0.036121 -0.590316 -0.039125 -0.018607 -0.015695 -0.626128 0.779341
1730230210.400024414 -0.036176 -0.590473 -0.039001 -0.018505 -0.015713 -0.626154 0.779322
1730230210.500026464 -0.036170 -0.590534 -0.038878 -0.018432 -0.015760 -0.626148 0.779327
1730230210.600023508 -0.036171 -0.590532 -0.038662 -0.018377 -0.015803 -0.626090 0.779374
1730230210.700024366 -0.036131 -0.590411 -0.038401 -0.018362 -0.015830 -0.626051 0.779406
1730230210.800025463 -0.036160 -0.590195 -0.038064 -0.018385 -0.015880 -0.626097 0.779366
1730230210.900025368 -0.036162 -0.589985 -0.037761 -0.018385 -0.015934 -0.626115 0.779351
1730230211.003219366 -0.036085 -0.589446 -0.037844 -0.018390 -0.015904 -0.626142 0.779330
1730230211.200025320 -0.035982 -0.589790 -0.037105 -0.018471 -0.015905 -0.626091 0.779369
1730230211.300034285 -0.035697 -0.589401 -0.037210 -0.018398 -0.015944 -0.626096 0.779366
1730230211.400035381 -0.035549 -0.589476 -0.036981 -0.018328 -0.015938 -0.626123 0.779346
1730230211.500034332 -0.035369 -0.589370 -0.036732 -0.018303 -0.015926 -0.626180 0.779301
1730230211.600030422 -0.035187 -0.589226 -0.036543 -0.018253 -0.015926 -0.626198 0.779288
1730230211.703116417 -0.034555 -0.588111 -0.037551 -0.018053 -0.015852 -0.626251 0.779251
1730230211.903219461 -0.034222 -0.587778 -0.036854 -0.017977 -0.015737 -0.626179 0.779313
1730230212.000035286 -0.034202 -0.587678 -0.036441 -0.018005 -0.015740 -0.626210 0.779288
1730230212.203219414 -0.034364 -0.586281 -0.036776 -0.017996 -0.015643 -0.626221 0.779281
1730230212.300037146 -0.034402 -0.585511 -0.036865 -0.017810 -0.015550 -0.626254 0.779261
1730230212.400032282 -0.034465 -0.585375 -0.037008 -0.017916 -0.015514 -0.626235 0.779274
1730230212.600029230 -0.034828 -0.586009 -0.036891 -0.018125 -0.015457 -0.626268 0.779244
1730230212.703109264 -0.034869 -0.586067 -0.037200 -0.018145 -0.015478 -0.626284 0.779230
1730230212.903229475 -0.035488 -0.587004 -0.037015 -0.018311 -0.015655 -0.626246 0.779253
1730230213.000035286 -0.035236 -0.587209 -0.037652 -0.018248 -0.015756 -0.626231 0.779264
1730230213.200029612 -0.035527 -0.588118 -0.038039 -0.018479 -0.015877 -0.626214 0.779271
1730230213.300027609 -0.035540 -0.588190 -0.038672 -0.018290 -0.015879 -0.626264 0.779235
1730230213.400031567 -0.035713 -0.588741 -0.038887 -0.018292 -0.015892 -0.626210 0.779278
1730230213.500027657 -0.035883 -0.589277 -0.039083 -0.018290 -0.015930 -0.626166 0.779312
1730230213.600023508 -0.036148 -0.589774 -0.039132 -0.018357 -0.016004 -0.626162 0.779313
1730230213.700025558 -0.036350 -0.590137 -0.039295 -0.018474 -0.016027 -0.626111 0.779351
1730230213.800026655 -0.036615 -0.590437 -0.039370 -0.018515 -0.016104 -0.626118 0.779342
1730230213.900024652 -0.037159 -0.590653 -0.039374 -0.018586 -0.016055 -0.626156 0.779311
1730230214.003224373 -0.037417 -0.590287 -0.039946 -0.018719 -0.016041 -0.626191 0.779280
1730230214.200025558 -0.038004 -0.590517 -0.040010 -0.018878 -0.016022 -0.626088 0.779359
1730230214.300024509 -0.037948 -0.590145 -0.040452 -0.018879 -0.015967 -0.626066 0.779378
1730230214.400024414 -0.037957 -0.590077 -0.040593 -0.018916 -0.015938 -0.626040 0.779399
1730230214.500025511 -0.037896 -0.589867 -0.040752 -0.018831 -0.015912 -0.626079 0.779370
1730230214.600023508 -0.037767 -0.589634 -0.041003 -0.018817 -0.015820 -0.626082 0.779370
1730230214.700024366 -0.037529 -0.589270 -0.041322 -0.018763 -0.015804 -0.626054 0.779394
1730230214.800026417 -0.037310 -0.588802 -0.041490 -0.018716 -0.015769 -0.626061 0.779390
1730230214.900029421 -0.036987 -0.588280 -0.041819 -0.018605 -0.015738 -0.626115 0.779350
1730230215.003221273 -0.036839 -0.588138 -0.042333 -0.018634 -0.015749 -0.626146 0.779324
1730230215.200022459 -0.035868 -0.586927 -0.042634 -0.018381 -0.015699 -0.626114 0.779357
1730230215.300020456 -0.035147 -0.585989 -0.043280 -0.018074 -0.015718 -0.626106 0.779370
1730230215.400021315 -0.034577 -0.585456 -0.043751 -0.017722 -0.015702 -0.626168 0.779329
1730230215.500018358 -0.033974 -0.585000 -0.044192 -0.017296 -0.015696 -0.626184 0.779326
1730230215.600018263 -0.033475 -0.584683 -0.044664 -0.016878 -0.015630 -0.626206 0.779318
1730230215.700028419 -0.033023 -0.584561 -0.045123 -0.016351 -0.015667 -0.626225 0.779314
1730230215.800020456 -0.032885 -0.584763 -0.045589 -0.015828 -0.015662 -0.626229 0.779321
1730230215.900030375 -0.032941 -0.585296 -0.046180 -0.015266 -0.015674 -0.626240 0.779323
1730230216.003233194 -0.033409 -0.585956 -0.047165 -0.014707 -0.015655 -0.626272 0.779309
1730230216.200030327 -0.035419 -0.589377 -0.048512 -0.013693 -0.015623 -0.626373 0.779247
1730230216.300028324 -0.037296 -0.592014 -0.049530 -0.013193 -0.015545 -0.626396 0.779238
1730230216.403243303 -0.039929 -0.595636 -0.050613 -0.012694 -0.015503 -0.626465 0.779192
1730230216.600025177 -0.046344 -0.605205 -0.052495 -0.012142 -0.015444 -0.626464 0.779203
