id: 1
T_world_origin: 
  -0.999855 -0.00605366   0.0159048   -0.548225
 0.00620384   -0.999936  0.00941027    -7.92438
  0.0158468  0.00950757    0.999829  0.00485407
          0           0           0           1
T_origin_endpoint_L: 
  0.059019  -0.996596  0.0575612   -2.34964
  0.998202  0.0583109 -0.0139057    -2.5124
 0.0105019  0.0582784   0.998245   0.199096
         0          0          0          1
T_origin_endpoint_R: 
   0.989804      0.1423  0.00630193     5.18138
  -0.142417    0.989462   0.0261161    0.213561
-0.00251922  -0.0267473    0.999639    -0.35026
          0           0           0           1
T_lidar_imu: 
       1        0        0 -0.25708
       0        1        0  -0.0268
       0        0        1  -0.0305
       0        0        0        1
imu_bias:   0.00137835 -0.000360234  -0.00763617  0.000111924  0.000120372  9.38483e-05
frame_id: 2
num_frames: 202
frame_0
id: 261
stamp: 1730230131.003253460
T_odom_lidar: 
-0.0780256   0.996823 -0.0159997    1.87713
 -0.996588  -0.077554  0.0282365   -5.75372
 0.0269059  0.0181483   0.999473  0.0732275
         0          0          0          1
T_world_lidar: 
-0.0780256   0.996823 -0.0159997    1.87713
 -0.996588  -0.077554  0.0282365   -5.75372
 0.0269059  0.0181483   0.999473  0.0732275
         0          0          0          1
v_world_imu: -0.0474709  -0.357528  0.0388373
frame_1
id: 262
stamp: 1730230131.200030565
T_odom_lidar: 
-0.0718688     0.9973 -0.0150837    1.87986
 -0.996963 -0.0713731  0.0311663   -5.82186
 0.0300056  0.0172778     0.9994  0.0763703
         0          0          0          1
T_world_lidar: 
-0.0718688     0.9973 -0.0150837    1.87986
 -0.996963 -0.0713731  0.0311663   -5.82186
 0.0300056  0.0172778     0.9994  0.0763703
         0          0          0          1
v_world_imu:  0.0165492  -0.345495 0.00967674
frame_2
id: 263
stamp: 1730230131.300022602
T_odom_lidar: 
-0.0666706   0.997672 -0.0143347    1.88242
 -0.997261 -0.0661681  0.0330623   -5.85531
 0.0320368  0.0164997    0.99935  0.0772697
         0          0          0          1
T_world_lidar: 
-0.0666706   0.997672 -0.0143347    1.88242
 -0.997261 -0.0661681  0.0330623   -5.85531
 0.0320368  0.0164997    0.99935  0.0772697
         0          0          0          1
v_world_imu: 0.00887685  -0.339545 0.00290149
frame_3
id: 264
stamp: 1730230131.400042534
T_odom_lidar: 
-0.0631605   0.997923 -0.0126989    1.88479
 -0.997463 -0.0627024  0.0337151   -5.88893
 0.0328488  0.0147961   0.999351  0.0777766
         0          0          0          1
T_world_lidar: 
-0.0631605   0.997923 -0.0126989    1.88479
 -0.997463 -0.0627024  0.0337151   -5.88893
 0.0328488  0.0147961   0.999351  0.0777766
         0          0          0          1
v_world_imu:   0.00547664    -0.329621 -0.000967515
frame_4
id: 265
stamp: 1730230131.500038624
T_odom_lidar: 
-0.0619914   0.997997 -0.0125861    1.88467
 -0.997554 -0.0615462  0.0331256   -5.92186
 0.0322847  0.0146088   0.999372  0.0782422
         0          0          0          1
T_world_lidar: 
-0.0619914   0.997997 -0.0125861    1.88467
 -0.997554 -0.0615462  0.0331256   -5.92186
 0.0322847  0.0146088   0.999372  0.0782422
         0          0          0          1
v_world_imu: -0.00615177   -0.329151  0.00840854
frame_5
id: 266
stamp: 1730230131.600038528
T_odom_lidar: 
-0.0577482   0.998256 -0.0122436    1.88576
  -0.99782 -0.0573216  0.0327157   -5.95448
 0.0319568  0.0141062    0.99939  0.0785308
         0          0          0          1
T_world_lidar: 
-0.0577482   0.998256 -0.0122436    1.88576
  -0.99782 -0.0573216  0.0327157   -5.95448
 0.0319568  0.0141062    0.99939  0.0785308
         0          0          0          1
v_world_imu: -0.00179164   -0.321496  0.00445273
frame_6
id: 267
stamp: 1730230131.700040579
T_odom_lidar: 
-0.0559951   0.998358 -0.0120362    1.88578
 -0.997914  -0.055574  0.0328605   -5.98609
 0.0321377  0.0138511   0.999387   0.078405
         0          0          0          1
T_world_lidar: 
-0.0559951   0.998358 -0.0120362    1.88578
 -0.997914  -0.055574  0.0328605   -5.98609
 0.0321377  0.0138511   0.999387   0.078405
         0          0          0          1
v_world_imu: -0.00231351   -0.321806  0.00319665
frame_7
id: 268
stamp: 1730230131.800035477
T_odom_lidar: 
-0.0541562   0.998436 -0.0139003    1.88517
 -0.998059 -0.0536966  0.0315454   -6.01849
 0.0307497  0.0155817   0.999406  0.0777908
         0          0          0          1
T_world_lidar: 
-0.0541562   0.998436 -0.0139003    1.88517
 -0.998059 -0.0536966  0.0315454   -6.01849
 0.0307497  0.0155817   0.999406  0.0777908
         0          0          0          1
v_world_imu: -0.0244005  -0.326057 0.00122955
frame_8
id: 269
stamp: 1730230131.900027514
T_odom_lidar: 
 -0.050972   0.998602 -0.0140156    1.88375
 -0.998212 -0.0505035  0.0319627   -6.05175
 0.0312102  0.0156197   0.999391  0.0780144
         0          0          0          1
T_world_lidar: 
 -0.050972   0.998602 -0.0140156    1.88375
 -0.998212 -0.0505035  0.0319627   -6.05175
 0.0312102  0.0156197   0.999391  0.0780144
         0          0          0          1
v_world_imu: -0.0114371  -0.337867 0.00588599
frame_9
id: 270
stamp: 1730230132.003222466
T_odom_lidar: 
-0.0492524   0.998702 -0.0130154    1.88423
 -0.998302 -0.0488185  0.0317795    -6.0855
 0.0311028  0.0145585    0.99941  0.0743183
         0          0          0          1
T_world_lidar: 
-0.0492524   0.998702 -0.0130154    1.88423
 -0.998302 -0.0488185  0.0317795    -6.0855
 0.0311028  0.0145585    0.99941  0.0743183
         0          0          0          1
v_world_imu:  -0.0179619   -0.361551 -0.00117839
frame_10
id: 271
stamp: 1730230132.200027466
T_odom_lidar: 
-0.0480494   0.998775 -0.0117913    1.88043
 -0.998369 -0.0476588  0.0314313   -6.16054
 0.0308308  0.0132823   0.999436  0.0738141
         0          0          0          1
T_world_lidar: 
-0.0480494   0.998775 -0.0117913    1.88043
 -0.998369 -0.0476588  0.0314313   -6.16054
 0.0308308  0.0132823   0.999436  0.0738141
         0          0          0          1
v_world_imu: -0.00924089   -0.387255 0.000765009
frame_11
id: 272
stamp: 1730230132.300030470
T_odom_lidar: 
-0.0497227   0.998705 -0.0107996    1.87891
 -0.998298 -0.0493669  0.0310362   -6.19886
 0.0304628  0.0123244    0.99946  0.0734526
         0          0          0          1
T_world_lidar: 
-0.0497227   0.998705 -0.0107996    1.87891
 -0.998298 -0.0493669  0.0310362   -6.19886
 0.0304628  0.0123244    0.99946  0.0734526
         0          0          0          1
v_world_imu: -0.0282306  -0.385755 0.00148752
frame_12
id: 273
stamp: 1730230132.400025368
T_odom_lidar: 
-0.0479454   0.998809 -0.0090818    1.87806
  -0.99836 -0.0476353  0.0317368    -6.2368
 0.0312664  0.0105885   0.999455  0.0734927
         0          0          0          1
T_world_lidar: 
-0.0479454   0.998809 -0.0090818    1.87806
  -0.99836 -0.0476353  0.0317368    -6.2368
 0.0312664  0.0105885   0.999455  0.0734927
         0          0          0          1
v_world_imu: -0.00207715   -0.373941 -0.00156013
frame_13
id: 274
stamp: 1730230132.500030518
T_odom_lidar: 
 -0.0484426    0.998799 -0.00738558     1.87747
  -0.998316  -0.0481804   0.0322958    -6.27481
  0.0319012  0.00893764    0.999451   0.0734465
          0           0           0           1
T_world_lidar: 
 -0.0484426    0.998799 -0.00738558     1.87747
  -0.998316  -0.0481804   0.0322958    -6.27481
  0.0319012  0.00893764    0.999451   0.0734465
          0           0           0           1
v_world_imu:  -0.0136729   -0.369875 -0.00226792
frame_14
id: 275
stamp: 1730230132.600028515
T_odom_lidar: 
 -0.0473658    0.998853 -0.00699807     1.87589
   -0.99837  -0.0471172   0.0322061    -6.31176
  0.0318395  0.00851213    0.999457   0.0731572
          0           0           0           1
T_world_lidar: 
 -0.0473658    0.998853 -0.00699807     1.87589
   -0.99837  -0.0471172   0.0322061    -6.31176
  0.0318395  0.00851213    0.999457   0.0731572
          0           0           0           1
v_world_imu:  -0.0185916   -0.370685 0.000943795
frame_15
id: 276
stamp: 1730230132.700026512
T_odom_lidar: 
 -0.0471271    0.998866 -0.00677836     1.87408
  -0.998372  -0.0468833   0.0324917    -6.34868
   0.032137  0.00829856    0.999449    0.073661
          0           0           0           1
T_world_lidar: 
 -0.0471271    0.998866 -0.00677836     1.87408
  -0.998372  -0.0468833   0.0324917    -6.34868
   0.032137  0.00829856    0.999449    0.073661
          0           0           0           1
v_world_imu:  -0.021697  -0.367592 0.00720702
frame_16
id: 277
stamp: 1730230132.800024509
T_odom_lidar: 
 -0.0462255    0.998902 -0.00763016      1.8721
  -0.998416  -0.0459551   0.0324644    -6.38554
  0.0320781  0.00911876    0.999444   0.0740764
          0           0           0           1
T_world_lidar: 
 -0.0462255    0.998902 -0.00763016      1.8721
  -0.998416  -0.0459551   0.0324644    -6.38554
  0.0320781  0.00911876    0.999444   0.0740764
          0           0           0           1
v_world_imu: -0.0252691  -0.369155 0.00999667
frame_17
id: 278
stamp: 1730230132.900021553
T_odom_lidar: 
 -0.0450203    0.998951 -0.00833543     1.87071
   -0.99845  -0.0447213   0.0331253    -6.42249
  0.0327178  0.00981383    0.999416   0.0755631
          0           0           0           1
T_world_lidar: 
 -0.0450203    0.998951 -0.00833543     1.87071
   -0.99845  -0.0447213   0.0331253    -6.42249
  0.0327178  0.00981383    0.999416   0.0755631
          0           0           0           1
v_world_imu: -0.0129839  -0.370917  0.0154181
frame_18
id: 279
stamp: 1730230133.003235340
T_odom_lidar: 
 -0.0448718    0.998955 -0.00872752      1.8696
  -0.998444  -0.0445559   0.0335279    -6.46033
   0.033104   0.0102184      0.9994   0.0768897
          0           0           0           1
T_world_lidar: 
 -0.0448718    0.998955 -0.00872752      1.8696
  -0.998444  -0.0445559   0.0335279    -6.46033
   0.033104   0.0102184      0.9994   0.0768897
          0           0           0           1
v_world_imu: -0.0202822  -0.370365  0.0184221
frame_19
id: 280
stamp: 1730230133.200023413
T_odom_lidar: 
-0.0435411   0.998998 -0.0103066    1.86556
 -0.998493 -0.0431694  0.0338911   -6.53342
 0.0334123  0.0117668   0.999372  0.0799985
         0          0          0          1
T_world_lidar: 
-0.0435411   0.998998 -0.0103066    1.86556
 -0.998493 -0.0431694  0.0338911   -6.53342
 0.0334123  0.0117668   0.999372  0.0799985
         0          0          0          1
v_world_imu: -0.0172765  -0.372357   0.017534
frame_20
id: 281
stamp: 1730230133.300018311
T_odom_lidar: 
 -0.043391   0.998985 -0.0121189    1.86277
 -0.998478 -0.0429492  0.0346029    -6.5695
 0.0340473  0.0136019   0.999328  0.0801336
         0          0          0          1
T_world_lidar: 
 -0.043391   0.998985 -0.0121189    1.86277
 -0.998478 -0.0429492  0.0346029    -6.5695
 0.0340473  0.0136019   0.999328  0.0801336
         0          0          0          1
v_world_imu: -0.0349003  -0.363089  0.0199602
frame_21
id: 282
stamp: 1730230133.400017262
T_odom_lidar: 
-0.0435743   0.998978 -0.0119705    1.86138
 -0.998449 -0.0431293   0.035203    -6.6059
 0.0346507  0.0134858   0.999308  0.0816126
         0          0          0          1
T_world_lidar: 
-0.0435743   0.998978 -0.0119705    1.86138
 -0.998449 -0.0431293   0.035203    -6.6059
 0.0346507  0.0134858   0.999308  0.0816126
         0          0          0          1
v_world_imu: -0.00643268   -0.367124   0.0159064
frame_22
id: 283
stamp: 1730230133.500022411
T_odom_lidar: 
-0.0433827   0.998983 -0.0122675    1.85955
 -0.998458 -0.0429278  0.0351838   -6.64263
 0.0346214  0.0137749   0.999306   0.083118
         0          0          0          1
T_world_lidar: 
-0.0433827   0.998983 -0.0122675    1.85955
 -0.998458 -0.0429278  0.0351838   -6.64263
 0.0346214  0.0137749   0.999306   0.083118
         0          0          0          1
v_world_imu: -0.0283107  -0.365985  0.0148452
frame_23
id: 284
stamp: 1730230133.600016356
T_odom_lidar: 
-0.0433653   0.998977  -0.012807    1.85684
 -0.998455 -0.0428897  0.0353323   -6.67925
 0.0347468  0.0143194   0.999294  0.0844434
         0          0          0          1
T_world_lidar: 
-0.0433653   0.998977  -0.012807    1.85684
 -0.998455 -0.0428897  0.0353323   -6.67925
 0.0347468  0.0143194   0.999294  0.0844434
         0          0          0          1
v_world_imu: -0.019455 -0.364828 0.0169045
frame_24
id: 285
stamp: 1730230133.700020313
T_odom_lidar: 
-0.0432636   0.998987 -0.0123495     1.8554
 -0.998448 -0.0427999  0.0356216   -6.71554
  0.035057  0.0138715   0.999289  0.0856899
         0          0          0          1
T_world_lidar: 
-0.0432636   0.998987 -0.0123495     1.8554
 -0.998448 -0.0427999  0.0356216   -6.71554
  0.035057  0.0138715   0.999289  0.0856899
         0          0          0          1
v_world_imu: -0.0196033  -0.362059 0.00697448
frame_25
id: 286
stamp: 1730230133.800019264
T_odom_lidar: 
-0.0439479    0.99896 -0.0121718    1.85324
 -0.998426 -0.0434929  0.0354166   -6.75178
 0.0348504  0.0137091   0.999299  0.0854066
         0          0          0          1
T_world_lidar: 
-0.0439479    0.99896 -0.0121718    1.85324
 -0.998426 -0.0434929  0.0354166   -6.75178
 0.0348504  0.0137091   0.999299  0.0854066
         0          0          0          1
v_world_imu:  -0.0215808   -0.362717 -0.00209478
frame_26
id: 287
stamp: 1730230133.900016308
T_odom_lidar: 
-0.0437564   0.998973 -0.0117703    1.85166
 -0.998429 -0.0433138  0.0355436   -6.78795
 0.0349973  0.0133071   0.999299  0.0852825
         0          0          0          1
T_world_lidar: 
-0.0437564   0.998973 -0.0117703    1.85166
 -0.998429 -0.0433138  0.0355436   -6.78795
 0.0349973  0.0133071   0.999299  0.0852825
         0          0          0          1
v_world_imu:   -0.0179397    -0.363098 -0.000947354
frame_27
id: 288
stamp: 1730230134.003230333
T_odom_lidar: 
-0.0444047   0.998952 -0.0111008    1.84972
 -0.998418 -0.0439917  0.0350254   -6.82494
 0.0345003  0.0126385   0.999325  0.0846665
         0          0          0          1
T_world_lidar: 
-0.0444047   0.998952 -0.0111008    1.84972
 -0.998418 -0.0439917  0.0350254   -6.82494
 0.0345003  0.0126385   0.999325  0.0846665
         0          0          0          1
v_world_imu: -0.0260409  -0.365093 0.00252616
frame_28
id: 289
stamp: 1730230134.099969149
T_odom_lidar: 
-0.0453384   0.998909  -0.011191    1.84585
 -0.998368 -0.0449187   0.035269   -6.86015
 0.0347279  0.0127718   0.999315   0.084826
         0          0          0          1
T_world_lidar: 
-0.0453384   0.998909  -0.011191    1.84585
 -0.998368 -0.0449187   0.035269   -6.86015
 0.0347279  0.0127718   0.999315   0.084826
         0          0          0          1
v_world_imu:   -0.0327036    -0.362002 -0.000797177
frame_29
id: 290
stamp: 1730230134.300024271
T_odom_lidar: 
-0.0465129   0.998835 -0.0128897    1.83924
 -0.998364 -0.0460537  0.0338873   -6.93185
 0.0332542  0.0144448   0.999343  0.0832619
         0          0          0          1
T_world_lidar: 
-0.0465129   0.998835 -0.0128897    1.83924
 -0.998364 -0.0460537  0.0338873   -6.93185
 0.0332542  0.0144448   0.999343  0.0832619
         0          0          0          1
v_world_imu:   -0.050067   -0.358214 -0.00373786
frame_30
id: 291
stamp: 1730230134.400016308
T_odom_lidar: 
-0.0461203   0.998855 -0.0127291    1.83586
  -0.99842 -0.0456832  0.0327284   -6.96773
 0.0321095  0.0142185   0.999383  0.0831809
         0          0          0          1
T_world_lidar: 
-0.0461203   0.998855 -0.0127291    1.83586
  -0.99842 -0.0456832  0.0327284   -6.96773
 0.0321095  0.0142185   0.999383  0.0831809
         0          0          0          1
v_world_imu: -0.0251118  -0.357042 0.00171531
frame_31
id: 292
stamp: 1730230134.500034332
T_odom_lidar: 
-0.0468739    0.99884 -0.0110104    1.83365
 -0.998402 -0.0464995  0.0321059   -7.00342
 0.0315566  0.0124977   0.999424  0.0831799
         0          0          0          1
T_world_lidar: 
-0.0468739    0.99884 -0.0110104    1.83365
 -0.998402 -0.0464995  0.0321059   -7.00342
 0.0315566  0.0124977   0.999424  0.0831799
         0          0          0          1
v_world_imu: -0.0313929  -0.354218 0.00220606
frame_32
id: 293
stamp: 1730230134.600029230
T_odom_lidar: 
-0.0474059   0.998818 -0.0107546    1.82948
 -0.998413 -0.0470535  0.0309444   -7.03895
 0.0304018  0.0122045   0.999463  0.0829011
         0          0          0          1
T_world_lidar: 
-0.0474059   0.998818 -0.0107546    1.82948
 -0.998413 -0.0470535  0.0309444   -7.03895
 0.0304018  0.0122045   0.999463  0.0829011
         0          0          0          1
v_world_imu:  -0.0333769   -0.354725 -0.00030657
frame_33
id: 294
stamp: 1730230134.703114510
T_odom_lidar: 
 -0.0484058    0.998795 -0.00803573     1.82809
  -0.998404  -0.0481493   0.0295235    -7.07532
   0.029101  0.00945201    0.999532   0.0822678
          0           0           0           1
T_world_lidar: 
 -0.0484058    0.998795 -0.00803573     1.82809
  -0.998404  -0.0481493   0.0295235    -7.07532
   0.029101  0.00945201    0.999532   0.0822678
          0           0           0           1
v_world_imu:  -0.0106839   -0.358937 3.97868e-06
frame_34
id: 295
stamp: 1730230134.903233528
T_odom_lidar: 
 -0.0496783    0.998754 -0.00484214     1.82357
  -0.998421  -0.0495333   0.0264832     -7.1474
  0.0262104  0.00615013    0.999638   0.0822547
          0           0           0           1
T_world_lidar: 
 -0.0496783    0.998754 -0.00484214     1.82357
  -0.998421  -0.0495333   0.0264832     -7.1474
  0.0262104  0.00615013    0.999638   0.0822547
          0           0           0           1
v_world_imu: -0.000792824     -0.36554  0.000926553
frame_35
id: 296
stamp: 1730230135.000038147
T_odom_lidar: 
-0.0494206   0.998771 -0.0038098    1.82242
 -0.998484 -0.0493132   0.024443   -7.18322
 0.0242251 0.00501202   0.999694  0.0820557
         0          0          0          1
T_world_lidar: 
-0.0494206   0.998771 -0.0038098    1.82242
 -0.998484 -0.0493132   0.024443   -7.18322
 0.0242251 0.00501202   0.999694  0.0820557
         0          0          0          1
v_world_imu: -0.0110009  -0.371972   0.004161
frame_36
id: 297
stamp: 1730230135.200030565
T_odom_lidar: 
  -0.0505642     0.998721 -0.000156243      1.82433
    -0.99853   -0.0505515    0.0195553     -7.25887
   0.0195224   0.00114481     0.999809    0.0810679
           0            0            0            1
T_world_lidar: 
  -0.0505642     0.998721 -0.000156243      1.82433
    -0.99853   -0.0505515    0.0195553     -7.25887
   0.0195224   0.00114481     0.999809    0.0810679
           0            0            0            1
v_world_imu:  0.0160778  -0.379192 0.00556277
frame_37
id: 298
stamp: 1730230135.300024509
T_odom_lidar: 
  -0.0530063     0.998593   0.00124223      1.82532
   -0.998446   -0.0530198    0.0171663     -7.29755
    0.017208 -0.000330377     0.999852    0.0807639
           0            0            0            1
T_world_lidar: 
  -0.0530063     0.998593   0.00124223      1.82532
   -0.998446   -0.0530198    0.0171663     -7.29755
    0.017208 -0.000330377     0.999852    0.0807639
           0            0            0            1
v_world_imu:  0.0183505  -0.393775 0.00553231
frame_38
id: 299
stamp: 1730230135.400024652
T_odom_lidar: 
 -0.0539397    0.998541  0.00260043     1.82836
  -0.998424  -0.0539735   0.0153857    -7.33787
  0.0155036 -0.00176643    0.999878   0.0806773
          0           0           0           1
T_world_lidar: 
 -0.0539397    0.998541  0.00260043     1.82836
  -0.998424  -0.0539735   0.0153857    -7.33787
  0.0155036 -0.00176643    0.999878   0.0806773
          0           0           0           1
v_world_imu:  0.0429133  -0.413404 0.00303698
frame_39
id: 300
stamp: 1730230135.500022650
T_odom_lidar: 
 -0.0565653     0.99839  0.00410536     1.83248
  -0.998304  -0.0566163   0.0135873    -7.38028
  0.0137978 -0.00332983    0.999899   0.0808319
          0           0           0           1
T_world_lidar: 
 -0.0565653     0.99839  0.00410536     1.83248
  -0.998304  -0.0566163   0.0135873    -7.38028
  0.0137978 -0.00332983    0.999899   0.0808319
          0           0           0           1
v_world_imu:  0.0533748  -0.426378 0.00889576
frame_40
id: 301
stamp: 1730230135.600021601
T_odom_lidar: 
-0.0575593   0.998328 0.00537453    1.83848
 -0.998254 -0.0576249   0.012977   -7.42338
  0.013265 -0.0046182   0.999901  0.0811758
         0          0          0          1
T_world_lidar: 
-0.0575593   0.998328 0.00537453    1.83848
 -0.998254 -0.0576249   0.012977   -7.42338
  0.013265 -0.0046182   0.999901  0.0811758
         0          0          0          1
v_world_imu:  0.0697592  -0.436383 0.00215993
frame_41
id: 302
stamp: 1730230135.700023651
T_odom_lidar: 
 -0.0602635    0.998164   0.0060378     1.84619
  -0.998094  -0.0603374   0.0129157    -7.46833
  0.0132563 -0.00524795    0.999898   0.0812886
          0           0           0           1
T_world_lidar: 
 -0.0602635    0.998164   0.0060378     1.84619
  -0.998094  -0.0603374   0.0129157    -7.46833
  0.0132563 -0.00524795    0.999898   0.0812886
          0           0           0           1
v_world_imu:  0.0772323  -0.450332 0.00924274
frame_42
id: 303
stamp: 1730230135.800011635
T_odom_lidar: 
   -0.07332    0.997291  0.00598396     1.85181
   -0.99722   -0.073392   0.0128682    -7.51509
  0.0132725 -0.00502383    0.999899   0.0815814
          0           0           0           1
T_world_lidar: 
   -0.07332    0.997291  0.00598396     1.85181
   -0.99722   -0.073392   0.0128682    -7.51509
  0.0132725 -0.00502383    0.999899   0.0815814
          0           0           0           1
v_world_imu:  0.105734 -0.483055 0.0003024
frame_43
id: 304
stamp: 1730230135.900018454
T_odom_lidar: 
 -0.0981513    0.995147  0.00705089     1.85704
  -0.995072  -0.0982393   0.0134624    -7.56446
  0.0140898 -0.00569479    0.999885   0.0812622
          0           0           0           1
T_world_lidar: 
 -0.0981513    0.995147  0.00705089     1.85704
  -0.995072  -0.0982393   0.0134624    -7.56446
  0.0140898 -0.00569479    0.999885   0.0812622
          0           0           0           1
v_world_imu:    0.110711   -0.511934 -0.00444576
frame_44
id: 305
stamp: 1730230136.003218651
T_odom_lidar: 
 -0.138117   0.990367 0.00984564    1.85967
 -0.990332  -0.138228  0.0116796   -7.61907
  0.012928 -0.0081373   0.999883  0.0802894
         0          0          0          1
T_world_lidar: 
 -0.138117   0.990367 0.00984564    1.85967
 -0.990332  -0.138228  0.0116796   -7.61907
  0.012928 -0.0081373   0.999883  0.0802894
         0          0          0          1
v_world_imu:   0.131585  -0.545006 -0.0098832
frame_45
id: 306
stamp: 1730230136.200031519
T_odom_lidar: 
   -0.198317     0.980127   0.00455422      1.86901
   -0.979951    -0.198368    0.0186293      -7.7255
   0.0191625 -0.000768401     0.999816    0.0797066
           0            0            0            1
T_world_lidar: 
   -0.198317     0.980127   0.00455422      1.86901
   -0.979951    -0.198368    0.0186293      -7.7255
   0.0191625 -0.000768401     0.999816    0.0797066
           0            0            0            1
v_world_imu:  0.113031 -0.564023 -0.016037
frame_46
id: 307
stamp: 1730230136.300033569
T_odom_lidar: 
   -0.231612     0.972794   0.00516638      1.87141
   -0.972594    -0.231669    0.0197701     -7.78138
   0.0204291 -0.000445797     0.999791    0.0774458
           0            0            0            1
T_world_lidar: 
   -0.231612     0.972794   0.00516638      1.87141
   -0.972594    -0.231669    0.0197701     -7.78138
   0.0204291 -0.000445797     0.999791    0.0774458
           0            0            0            1
v_world_imu:  0.0981919  -0.566685 -0.0191628
frame_47
id: 308
stamp: 1730230136.400048494
T_odom_lidar: 
  -0.26834   0.963324 0.00121607    1.86945
 -0.963036   -0.26829  0.0241367   -7.83408
 0.0235777 0.00530573   0.999708    0.07581
         0          0          0          1
T_world_lidar: 
  -0.26834   0.963324 0.00121607    1.86945
 -0.963036   -0.26829  0.0241367   -7.83408
 0.0235777 0.00530573   0.999708    0.07581
         0          0          0          1
v_world_imu:  0.0374979  -0.517807 -0.0279319
frame_48
id: 309
stamp: 1730230136.500038624
T_odom_lidar: 
 -0.328131   0.944519 -0.0145901    1.85403
  -0.94435  -0.327617  0.0294928   -7.88087
 0.0230766  0.0234556   0.999459  0.0655985
         0          0          0          1
T_world_lidar: 
 -0.328131   0.944519 -0.0145901    1.85403
  -0.94435  -0.327617  0.0294928   -7.88087
 0.0230766  0.0234556   0.999459  0.0655985
         0          0          0          1
v_world_imu:  -0.045042  -0.497535 -0.0941266
frame_49
id: 310
stamp: 1730230136.599985600
T_odom_lidar: 
 -0.399367   0.916603 -0.0185502    1.83026
 -0.916454  -0.398589   0.035207   -7.92686
  0.024877   0.031061   0.999208   0.062185
         0          0          0          1
T_world_lidar: 
 -0.399367   0.916603 -0.0185502    1.83026
 -0.916454  -0.398589   0.035207   -7.92686
  0.024877   0.031061   0.999208   0.062185
         0          0          0          1
v_world_imu: -0.0424524   -0.50455  0.0357422
frame_50
id: 311
stamp: 1730230136.699984550
T_odom_lidar: 
-0.488173  0.872522 -0.019833   1.80132
 -0.87238 -0.487182 0.0400919  -7.96303
0.0253188 0.0368737  0.998999 0.0672958
        0         0         0         1
T_world_lidar: 
-0.488173  0.872522 -0.019833   1.80132
 -0.87238 -0.487182 0.0400919  -7.96303
0.0253188 0.0368737  0.998999 0.0672958
        0         0         0         1
v_world_imu: -0.0459975  -0.438166  0.0113884
frame_51
id: 312
stamp: 1730230136.803223372
T_odom_lidar: 
 -0.560918   0.827654 -0.0189527    1.77721
 -0.827616  -0.560028  0.0376954   -8.00049
 0.0205847  0.0368295    0.99911  0.0655819
         0          0          0          1
T_world_lidar: 
 -0.560918   0.827654 -0.0189527    1.77721
 -0.827616  -0.560028  0.0376954   -8.00049
 0.0205847  0.0368295    0.99911  0.0655819
         0          0          0          1
v_world_imu: -0.0669204  -0.421452 -0.0255441
frame_52
id: 313
stamp: 1730230137.003261566
T_odom_lidar: 
  -0.71264   0.701089 -0.0248564    1.69883
 -0.701406  -0.711402  0.0440111   -8.04526
 0.0131729  0.0487985   0.998722  0.0596244
         0          0          0          1
T_world_lidar: 
  -0.71264   0.701089 -0.0248564    1.69883
 -0.701406  -0.711402  0.0440111   -8.04526
 0.0131729  0.0487985   0.998722  0.0596244
         0          0          0          1
v_world_imu: -0.237505 -0.283592 0.0325437
frame_53
id: 314
stamp: 1730230137.200024366
T_odom_lidar: 
  -0.834747    0.549981  -0.0267919     1.61663
  -0.550633   -0.833717   0.0414633    -8.06228
0.000467186   0.0493639    0.998781   0.0566956
          0           0           0           1
T_world_lidar: 
  -0.834747    0.549981  -0.0267919     1.61663
  -0.550633   -0.833717   0.0414633    -8.06228
0.000467186   0.0493639    0.998781   0.0566956
          0           0           0           1
v_world_imu:  -0.285856  -0.212019 -0.0604399
frame_54
id: 315
stamp: 1730230137.303253651
T_odom_lidar: 
   -0.888489     0.458259   -0.0242196      1.56711
   -0.458898    -0.887324    0.0454898     -8.05986
-0.000644512    0.0515315     0.998671    0.0505981
           0            0            0            1
T_world_lidar: 
   -0.888489     0.458259   -0.0242196      1.56711
   -0.458898    -0.887324    0.0454898     -8.05986
-0.000644512    0.0515315     0.998671    0.0505981
           0            0            0            1
v_world_imu: -0.330859 -0.206056  0.057542
frame_55
id: 316
stamp: 1730230137.500043392
T_odom_lidar: 
 -0.945425   0.325674 -0.0103517    1.49085
 -0.325835  -0.944796  0.0345122   -8.06025
0.00145948  0.0360016   0.999351  0.0580919
         0          0          0          1
T_world_lidar: 
 -0.945425   0.325674 -0.0103517    1.49085
 -0.325835  -0.944796  0.0345122   -8.06025
0.00145948  0.0360016   0.999351  0.0580919
         0          0          0          1
v_world_imu: -0.303342 -0.180548 0.0268306
frame_56
id: 317
stamp: 1730230137.600024462
T_odom_lidar: 
  -0.946372    0.323068 -0.00264482     1.45946
  -0.322953   -0.945742   0.0356872    -8.07771
 0.00902809   0.0346275     0.99936   0.0627983
          0           0           0           1
T_world_lidar: 
  -0.946372    0.323068 -0.00264482     1.45946
  -0.322953   -0.945742   0.0356872    -8.07771
 0.00902809   0.0346275     0.99936   0.0627983
          0           0           0           1
v_world_imu: -0.315985 -0.193896  0.044945
frame_57
id: 318
stamp: 1730230137.700018406
T_odom_lidar: 
-0.944537  0.328393 0.0029227    1.4276
-0.328113 -0.944033 0.0338161   -8.1004
0.0138641 0.0309815  0.999424   0.06877
        0         0         0         1
T_world_lidar: 
-0.944537  0.328393 0.0029227    1.4276
-0.328113 -0.944033 0.0338161   -8.1004
0.0138641 0.0309815  0.999424   0.06877
        0         0         0         1
v_world_imu: -0.329173 -0.216809 0.0273796
frame_58
id: 319
stamp: 1730230137.800025463
T_odom_lidar: 
-0.947722  0.319058 0.0050151   1.39302
-0.318747 -0.947301 0.0319629  -8.11996
0.0149488 0.0286934  0.999476 0.0715083
        0         0         0         1
T_world_lidar: 
-0.947722  0.319058 0.0050151   1.39302
-0.318747 -0.947301 0.0319629  -8.11996
0.0149488 0.0286934  0.999476 0.0715083
        0         0         0         1
v_world_imu:  -0.342582  -0.209527 0.00863819
frame_59
id: 320
stamp: 1730230137.903232574
T_odom_lidar: 
  -0.95563   0.294479 0.00735206    1.35461
 -0.294137   -0.95528  0.0303874   -8.13351
 0.0159717  0.0268766   0.999511  0.0713701
         0          0          0          1
T_world_lidar: 
  -0.95563   0.294479 0.00735206    1.35461
 -0.294137   -0.95528  0.0303874   -8.13351
 0.0159717  0.0268766   0.999511  0.0713701
         0          0          0          1
v_world_imu:  -0.349991  -0.175388 -0.0077211
frame_60
id: 321
stamp: 1730230138.000031471
T_odom_lidar: 
 -0.970621   0.240515 0.00681967    1.31436
 -0.240226  -0.970281  0.0290938   -8.13597
 0.0136145  0.0266008   0.999553  0.0686949
         0          0          0          1
T_world_lidar: 
 -0.970621   0.240515 0.00681967    1.31436
 -0.240226  -0.970281  0.0290938   -8.13597
 0.0136145  0.0266008   0.999553  0.0686949
         0          0          0          1
v_world_imu:  -0.360181  -0.119042 -0.0410387
frame_61
id: 322
stamp: 1730230138.199987411
T_odom_lidar: 
 -0.999628  0.0248573  0.0112546     1.2182
-0.0244957  -0.999213  0.0312024    -8.0859
 0.0120213  0.0309151    0.99945  0.0511961
         0          0          0          1
T_world_lidar: 
 -0.999628  0.0248573  0.0112546     1.2182
-0.0244957  -0.999213  0.0312024    -8.0859
 0.0120213  0.0309151    0.99945  0.0511961
         0          0          0          1
v_world_imu: -0.429852 0.0294372 0.0333224
frame_62
id: 323
stamp: 1730230138.300045252
T_odom_lidar: 
 -0.99375 -0.110773 0.0137922   1.17372
  0.11111 -0.993449  0.026725  -8.04719
0.0107414 0.0280904  0.999548 0.0518844
        0         0         0         1
T_world_lidar: 
 -0.99375 -0.110773 0.0137922   1.17372
  0.11111 -0.993449  0.026725  -8.04719
0.0107414 0.0280904  0.999548 0.0518844
        0         0         0         1
v_world_imu:   -0.429451   0.0179154 -0.00555852
frame_63
id: 324
stamp: 1730230138.400029421
T_odom_lidar: 
-0.985586 -0.167852 0.0211113   1.13101
 0.168501 -0.985112 0.0340754  -8.02992
0.0150773 0.0371415  0.999196 0.0527054
        0         0         0         1
T_world_lidar: 
-0.985586 -0.167852 0.0211113   1.13101
 0.168501 -0.985112 0.0340754  -8.02992
0.0150773 0.0371415  0.999196 0.0527054
        0         0         0         1
v_world_imu:  -0.429092  0.0461326 -0.0375886
frame_64
id: 325
stamp: 1730230138.499991417
T_odom_lidar: 
-0.981482 -0.188557   0.03376   1.08728
  0.18973 -0.981185 0.0357619  -8.02495
0.0263817 0.0415049   0.99879 0.0563777
        0         0         0         1
T_world_lidar: 
-0.981482 -0.188557   0.03376   1.08728
  0.18973 -0.981185 0.0357619  -8.02495
0.0263817 0.0415049   0.99879 0.0563777
        0         0         0         1
v_world_imu:  -0.441077 -0.0374302  0.0313279
frame_65
id: 326
stamp: 1730230138.600007296
T_odom_lidar: 
-0.983247 -0.177763 0.0403252    1.0453
 0.179028 -0.983378 0.0302847   -8.0319
0.0342714 0.0369967  0.998728 0.0610653
        0         0         0         1
T_world_lidar: 
-0.983247 -0.177763 0.0403252    1.0453
 0.179028 -0.983378 0.0302847   -8.0319
0.0342714 0.0369967  0.998728 0.0610653
        0         0         0         1
v_world_imu:  -0.409867 -0.0590828  0.0227683
frame_66
id: 327
stamp: 1730230138.703114510
T_odom_lidar: 
-0.983937 -0.173429 0.0423152   1.00518
 0.174544 -0.984352 0.0242191  -8.03963
0.0374527  0.031216  0.998811 0.0643125
        0         0         0         1
T_world_lidar: 
-0.983937 -0.173429 0.0423152   1.00518
 0.174544 -0.984352 0.0242191  -8.03963
0.0374527  0.031216  0.998811 0.0643125
        0         0         0         1
v_world_imu:  -0.377538 -0.0495261  0.0152015
frame_67
id: 328
stamp: 1730230138.903233528
T_odom_lidar: 
-0.986526 -0.157783 0.0432503  0.930984
 0.158912 -0.987001 0.0240198   -8.0493
0.0388982 0.0305692  0.998775 0.0656005
        0         0         0         1
T_world_lidar: 
-0.986526 -0.157783 0.0432503  0.930984
 0.158912 -0.987001 0.0240198   -8.0493
0.0388982 0.0305692  0.998775 0.0656005
        0         0         0         1
v_world_imu:   -0.367368  -0.0158288 9.80582e-05
frame_68
id: 329
stamp: 1730230139.000030279
T_odom_lidar: 
-0.987486 -0.151569  0.043568   0.89534
 0.152717  -0.98797 0.0243481  -8.05191
0.0393534  0.030697  0.998754 0.0661999
        0         0         0         1
T_world_lidar: 
-0.987486 -0.151569  0.043568   0.89534
 0.152717  -0.98797 0.0243481  -8.05191
0.0393534  0.030697  0.998754 0.0661999
        0         0         0         1
v_world_imu:   -0.370337    -0.00124 -0.00727526
frame_69
id: 330
stamp: 1730230139.203233480
T_odom_lidar: 
 -0.98958 -0.136816 0.0448765  0.819873
 0.138021 -0.990115 0.0249439  -8.05412
0.0410202 0.0308779  0.998681 0.0647053
        0         0         0         1
T_world_lidar: 
 -0.98958 -0.136816 0.0448765  0.819873
 0.138021 -0.990115 0.0249439  -8.05412
0.0410202 0.0308779  0.998681 0.0647053
        0         0         0         1
v_world_imu:   -0.369287    0.015952 -0.00675309
frame_70
id: 331
stamp: 1730230139.403239489
T_odom_lidar: 
 -0.99075 -0.127556 0.0463058  0.746622
 0.128697 -0.991428 0.0225394  -8.05153
0.0430339 0.0282903  0.998673 0.0635165
        0         0         0         1
T_world_lidar: 
 -0.99075 -0.127556 0.0463058  0.746622
 0.128697 -0.991428 0.0225394  -8.05153
0.0430339 0.0282903  0.998673 0.0635165
        0         0         0         1
v_world_imu:   -0.360069    0.034472 -0.00591217
frame_71
id: 332
stamp: 1730230139.600035429
T_odom_lidar: 
-0.991695 -0.120518 0.0449066  0.676719
 0.121481 -0.992405 0.0193487  -8.04491
0.0422337 0.0246433  0.998804 0.0612474
        0         0         0         1
T_world_lidar: 
-0.991695 -0.120518 0.0449066  0.676719
 0.121481 -0.992405 0.0193487  -8.04491
0.0422337 0.0246433  0.998804 0.0612474
        0         0         0         1
v_world_imu:  -0.350634  0.0556525 -0.0128519
frame_72
id: 333
stamp: 1730230139.703120470
T_odom_lidar: 
-0.991807 -0.119863 0.0441774  0.640718
 0.120793 -0.992496 0.0190041  -8.03846
 0.041568 0.0241847  0.998843  0.059549
        0         0         0         1
T_world_lidar: 
-0.991807 -0.119863 0.0441774  0.640718
 0.120793 -0.992496 0.0190041  -8.03846
 0.041568 0.0241847  0.998843  0.059549
        0         0         0         1
v_world_imu:   -0.350748   0.0689801 -0.00976936
frame_73
id: 334
stamp: 1730230139.903242588
T_odom_lidar: 
 -0.99236 -0.115873 0.0423641  0.570665
 0.116789 -0.992959 0.0198197  -8.02464
0.0397693 0.0246159  0.998906 0.0569622
        0         0         0         1
T_world_lidar: 
 -0.99236 -0.115873 0.0423641  0.570665
 0.116789 -0.992959 0.0198197  -8.02464
0.0397693 0.0246159  0.998906 0.0569622
        0         0         0         1
v_world_imu:  -0.350416  0.0683471 -0.0131702
frame_74
id: 335
stamp: 1730230140.000026464
T_odom_lidar: 
-0.992523 -0.114614 0.0419711  0.536664
 0.115507 -0.993115 0.0194957  -8.01892
0.0394476 0.0241979  0.998929 0.0559261
        0         0         0         1
T_world_lidar: 
-0.992523 -0.114614 0.0419711  0.536664
 0.115507 -0.993115 0.0194957  -8.01892
0.0394476 0.0241979  0.998929 0.0559261
        0         0         0         1
v_world_imu:  -0.350517  0.0744987 -0.0107985
frame_75
id: 336
stamp: 1730230140.099975348
T_odom_lidar: 
-0.992625 -0.113951 0.0413588  0.501866
 0.114827 -0.993195 0.0194466  -8.01064
0.0388614 0.0240523  0.998955 0.0544141
        0         0         0         1
T_world_lidar: 
-0.992625 -0.113951 0.0413588  0.501866
 0.114827 -0.993195 0.0194466  -8.01064
0.0388614 0.0240523  0.998955 0.0544141
        0         0         0         1
v_world_imu:   -0.348955   0.0843079 -0.00875358
frame_76
id: 337
stamp: 1730230140.200026274
T_odom_lidar: 
-0.993271 -0.108188 0.0413247  0.467164
 0.109098 -0.993821 0.0204351  -8.00563
0.0388586  0.024806  0.998937 0.0529642
        0         0         0         1
T_world_lidar: 
-0.993271 -0.108188 0.0413247  0.467164
 0.109098 -0.993821 0.0204351  -8.00563
0.0388586  0.024806  0.998937 0.0529642
        0         0         0         1
v_world_imu:  -0.353878  0.0557049 0.00725326
frame_77
id: 338
stamp: 1730230140.300007343
T_odom_lidar: 
 -0.995639 -0.0834715   0.041671   0.431667
 0.0842452  -0.996297  0.0171655   -8.00862
 0.0400838  0.0206012   0.998984  0.0538865
         0          0          0          1
T_world_lidar: 
 -0.995639 -0.0834715   0.041671   0.431667
 0.0842452  -0.996297  0.0171655   -8.00862
 0.0400838  0.0206012   0.998984  0.0538865
         0          0          0          1
v_world_imu:  -0.355561  0.0112346 0.00511525
frame_78
id: 339
stamp: 1730230140.400051355
T_odom_lidar: 
 -0.998406 -0.0410464  0.0387279   0.398922
 0.0414556  -0.999092 0.00982024   -8.02212
 0.0382897  0.0114101   0.999202  0.0496514
         0          0          0          1
T_world_lidar: 
 -0.998406 -0.0410464  0.0387279   0.398922
 0.0414556  -0.999092 0.00982024   -8.02212
 0.0382897  0.0114101   0.999202  0.0496514
         0          0          0          1
v_world_imu:  -0.346214 -0.0261734 -0.0137681
frame_79
id: 340
stamp: 1730230140.500039339
T_odom_lidar: 
 -0.998768 -0.0302746  0.0393227   0.365102
  0.030658  -0.999488 0.00918289    -8.0257
 0.0390245  0.0103771   0.999184  0.0487011
         0          0          0          1
T_world_lidar: 
 -0.998768 -0.0302746  0.0393227   0.365102
  0.030658  -0.999488 0.00918289    -8.0257
 0.0390245  0.0103771   0.999184  0.0487011
         0          0          0          1
v_world_imu:   -0.342765   0.0220533 -0.00867376
frame_80
id: 341
stamp: 1730230140.700026274
T_odom_lidar: 
 -0.998716 -0.0315775  0.0396037   0.296571
 0.0320451  -0.999423  0.0112275   -8.01478
 0.0392263  0.0124822   0.999152  0.0474686
         0          0          0          1
T_world_lidar: 
 -0.998716 -0.0315775  0.0396037   0.296571
 0.0320451  -0.999423  0.0112275   -8.01478
 0.0392263  0.0124822   0.999152  0.0474686
         0          0          0          1
v_world_imu: -0.342126 0.0271293 -0.004388
frame_81
id: 342
stamp: 1730230140.803233624
T_odom_lidar: 
 -0.998811 -0.0293279  0.0389497   0.261043
 0.0297765  -0.999496   0.010989   -8.01302
 0.0386078  0.0121357   0.999181  0.0466015
         0          0          0          1
T_world_lidar: 
 -0.998811 -0.0293279  0.0389497   0.261043
 0.0297765  -0.999496   0.010989   -8.01302
 0.0386078  0.0121357   0.999181  0.0466015
         0          0          0          1
v_world_imu:   -0.345845   0.0319749 -0.00565395
frame_82
id: 343
stamp: 1730230140.900022268
T_odom_lidar: 
 -0.998821 -0.0289746  0.0389537    0.22747
 0.0294258  -0.999506  0.0110584   -8.00947
  0.038614  0.0121916    0.99918  0.0462454
         0          0          0          1
T_world_lidar: 
 -0.998821 -0.0289746  0.0389537    0.22747
 0.0294258  -0.999506  0.0110584   -8.00947
  0.038614  0.0121916    0.99918  0.0462454
         0          0          0          1
v_world_imu:   -0.346592   0.0316461 -0.00701684
frame_83
id: 344
stamp: 1730230141.000023365
T_odom_lidar: 
 -0.998837 -0.0278961  0.0393368   0.192948
 0.0283266  -0.999544  0.0104305   -8.00786
 0.0390279  0.0115327   0.999172  0.0452746
         0          0          0          1
T_world_lidar: 
 -0.998837 -0.0278961  0.0393368   0.192948
 0.0283266  -0.999544  0.0104305   -8.00786
 0.0390279  0.0115327   0.999172  0.0452746
         0          0          0          1
v_world_imu:   -0.349686   0.0133045 -0.00651001
frame_84
id: 345
stamp: 1730230141.203235626
T_odom_lidar: 
 -0.998796 -0.0271668  0.0408398   0.122884
 0.0276674  -0.999548  0.0117407   -8.00242
 0.0405024  0.0128565   0.999097  0.0442217
         0          0          0          1
T_world_lidar: 
 -0.998796 -0.0271668  0.0408398   0.122884
 0.0276674  -0.999548  0.0117407   -8.00242
 0.0405024  0.0128565   0.999097  0.0442217
         0          0          0          1
v_world_imu:   -0.346039   0.0345355 -0.00204318
frame_85
id: 346
stamp: 1730230141.400024652
T_odom_lidar: 
 -0.998755 -0.0260864  0.0425249  0.0547773
 0.0267022  -0.999546  0.0139793   -7.99783
 0.0421409  0.0150974   0.998998  0.0448223
         0          0          0          1
T_world_lidar: 
 -0.998755 -0.0260864  0.0425249  0.0547773
 0.0267022  -0.999546  0.0139793   -7.99783
 0.0421409  0.0150974   0.998998  0.0448223
         0          0          0          1
v_world_imu:   -0.351903   0.0121175 -0.00211324
frame_86
id: 347
stamp: 1730230141.500031471
T_odom_lidar: 
 -0.998767 -0.0248569  0.0429762  0.0190429
 0.0254993   -0.99957  0.0144656   -7.99711
 0.0425981  0.0155437   0.998971  0.0441852
         0          0          0          1
T_world_lidar: 
 -0.998767 -0.0248569  0.0429762  0.0190429
 0.0254993   -0.99957  0.0144656   -7.99711
 0.0425981  0.0155437   0.998971  0.0441852
         0          0          0          1
v_world_imu:  -0.376446  0.0109755 -0.0151245
frame_87
id: 348
stamp: 1730230141.600029469
T_odom_lidar: 
 -0.998783 -0.0232579  0.0434941 -0.0202362
 0.0239191  -0.999605  0.0147447   -7.99606
  0.043134   0.015767   0.998945  0.0426645
         0          0          0          1
T_world_lidar: 
 -0.998783 -0.0232579  0.0434941 -0.0202362
 0.0239191  -0.999605  0.0147447   -7.99606
  0.043134   0.015767   0.998945  0.0426645
         0          0          0          1
v_world_imu:  -0.402295  0.0108397 -0.0190392
frame_88
id: 349
stamp: 1730230141.700026512
T_odom_lidar: 
 -0.998785 -0.0232388  0.0434452 -0.0612958
 0.0238891  -0.999609  0.0145091   -7.99546
 0.0430911  0.0155294    0.99895  0.0408245
         0          0          0          1
T_world_lidar: 
 -0.998785 -0.0232388  0.0434452 -0.0612958
 0.0238891  -0.999609  0.0145091   -7.99546
 0.0430911  0.0155294    0.99895  0.0408245
         0          0          0          1
v_world_imu:  -0.423163 0.00250594 -0.0168823
frame_89
id: 350
stamp: 1730230141.800034523
T_odom_lidar: 
 -0.998781 -0.0227389  0.0438011  -0.104285
 0.0234092  -0.999616  0.0148517   -7.99498
 0.0434465  0.0158589    0.99893  0.0390244
         0          0          0          1
T_world_lidar: 
 -0.998781 -0.0227389  0.0438011  -0.104285
 0.0234092  -0.999616  0.0148517   -7.99498
 0.0434465  0.0158589    0.99893  0.0390244
         0          0          0          1
v_world_imu:  -0.433927  0.0116162 -0.0180658
frame_90
id: 351
stamp: 1730230141.900023460
T_odom_lidar: 
 -0.998788 -0.0222621  0.0438907  -0.147779
 0.0229913  -0.999605  0.0161796   -7.99377
 0.0435132  0.0171691   0.998905  0.0371545
         0          0          0          1
T_world_lidar: 
 -0.998788 -0.0222621  0.0438907  -0.147779
 0.0229913  -0.999605  0.0161796   -7.99377
 0.0435132  0.0171691   0.998905  0.0371545
         0          0          0          1
v_world_imu:  -0.438611  0.0140656 -0.0203614
frame_91
id: 352
stamp: 1730230142.003231525
T_odom_lidar: 
 -0.99878 -0.022327 0.0440508  -0.19313
0.0231019 -0.999586   0.01716  -7.99222
0.0436494 0.0181567  0.998882 0.0352138
        0         0         0         1
T_world_lidar: 
 -0.99878 -0.022327 0.0440508  -0.19313
0.0231019 -0.999586   0.01716  -7.99222
0.0436494 0.0181567  0.998882 0.0352138
        0         0         0         1
v_world_imu:  -0.446304  0.0124902 -0.0145803
frame_92
id: 353
stamp: 1730230142.200035572
T_odom_lidar: 
-0.998823 -0.020247 0.0440654 -0.280007
0.0210815 -0.999606 0.0185559  -7.99062
0.0436723  0.019463  0.998856 0.0295745
        0         0         0         1
T_world_lidar: 
-0.998823 -0.020247 0.0440654 -0.280007
0.0210815 -0.999606 0.0185559  -7.99062
0.0436723  0.019463  0.998856 0.0295745
        0         0         0         1
v_world_imu:   -0.44866  0.0100393 -0.0131783
frame_93
id: 354
stamp: 1730230142.303231478
T_odom_lidar: 
 -0.998834 -0.0193443  0.0442218  -0.325435
 0.0202091  -0.999612  0.0191938   -7.98935
 0.0438333  0.0200651   0.998837  0.0274235
         0          0          0          1
T_world_lidar: 
 -0.998834 -0.0193443  0.0442218  -0.325435
 0.0202091  -0.999612  0.0191938   -7.98935
 0.0438333  0.0200651   0.998837  0.0274235
         0          0          0          1
v_world_imu:  -0.444475  0.0144952 -0.0216291
frame_94
id: 355
stamp: 1730230142.500034571
T_odom_lidar: 
 -0.998846 -0.0190444  0.0440883  -0.415533
 0.0199375  -0.999603  0.0199063   -7.98774
 0.0436917  0.0207624   0.998829  0.0230119
         0          0          0          1
T_world_lidar: 
 -0.998846 -0.0190444  0.0440883  -0.415533
 0.0199375  -0.999603  0.0199063   -7.98774
 0.0436917  0.0207624   0.998829  0.0230119
         0          0          0          1
v_world_imu:   -0.466921 0.000443456  -0.0217274
frame_95
id: 356
stamp: 1730230142.600036383
T_odom_lidar: 
 -0.998845 -0.0188182  0.0442148   -0.46221
 0.0196629  -0.999631  0.0187472   -7.98802
 0.0438457  0.0195949   0.998846  0.0207231
         0          0          0          1
T_world_lidar: 
 -0.998845 -0.0188182  0.0442148   -0.46221
 0.0196629  -0.999631  0.0187472   -7.98802
 0.0438457  0.0195949   0.998846  0.0207231
         0          0          0          1
v_world_imu:    -0.47159 0.000715041  -0.0138917
frame_96
id: 357
stamp: 1730230142.700050354
T_odom_lidar: 
 -0.998851 -0.0186487  0.0441525  -0.509152
 0.0194294  -0.999661  0.0173197   -7.98819
 0.0438145  0.0181576   0.998875  0.0192249
         0          0          0          1
T_world_lidar: 
 -0.998851 -0.0186487  0.0441525  -0.509152
 0.0194294  -0.999661  0.0173197   -7.98819
 0.0438145  0.0181576   0.998875  0.0192249
         0          0          0          1
v_world_imu:    -0.47226 -0.00175346  -0.0141642
frame_97
id: 358
stamp: 1730230142.800046444
T_odom_lidar: 
 -0.998888 -0.0175044  0.0437691  -0.556289
 0.0182487  -0.999695  0.0166635   -7.98811
  0.043464  0.0174437   0.998903  0.0175611
         0          0          0          1
T_world_lidar: 
 -0.998888 -0.0175044  0.0437691  -0.556289
 0.0182487  -0.999695  0.0166635   -7.98811
  0.043464  0.0174437   0.998903  0.0175611
         0          0          0          1
v_world_imu:  -0.469331 0.00615715 -0.0170121
frame_98
id: 359
stamp: 1730230142.900035381
T_odom_lidar: 
  -0.99891 -0.0167954  0.0435459  -0.602969
 0.0175349  -0.999707  0.0166574   -7.98748
 0.0432534  0.0174028   0.998913  0.0160594
         0          0          0          1
T_world_lidar: 
  -0.99891 -0.0167954  0.0435459  -0.602969
 0.0175349  -0.999707  0.0166574   -7.98748
 0.0432534  0.0174028   0.998913  0.0160594
         0          0          0          1
v_world_imu:  -0.467158 0.00547867 -0.0104099
frame_99
id: 360
stamp: 1730230143.003222466
T_odom_lidar: 
 -0.998892 -0.0179974  0.0434794  -0.650703
 0.0186522  -0.999718  0.0147005   -7.98741
 0.0432025  0.0154952   0.998946  0.0139206
         0          0          0          1
T_world_lidar: 
 -0.998892 -0.0179974  0.0434794  -0.650703
 0.0186522  -0.999718  0.0147005   -7.98741
 0.0432025  0.0154952   0.998946  0.0139206
         0          0          0          1
v_world_imu:   -0.467209 -0.00493717  -0.0100618
frame_100
id: 361
stamp: 1730230143.200040340
T_odom_lidar: 
  -0.99893 -0.0193851  0.0419824  -0.742875
 0.0199608  -0.999712  0.0133374   -7.98614
 0.0417118  0.0141611   0.999029  0.0113615
         0          0          0          1
T_world_lidar: 
  -0.99893 -0.0193851  0.0419824  -0.742875
 0.0199608  -0.999712  0.0133374   -7.98614
 0.0417118  0.0141611   0.999029  0.0113615
         0          0          0          1
v_world_imu:  -0.471258  0.0124045 -0.0127242
frame_101
id: 362
stamp: 1730230143.300031424
T_odom_lidar: 
 -0.998956 -0.0195371  0.0413022  -0.789608
 0.0200977  -0.999711  0.0132011    -7.9846
 0.0410323  0.0140174   0.999059 0.00945591
         0          0          0          1
T_world_lidar: 
 -0.998956 -0.0195371  0.0413022  -0.789608
 0.0200977  -0.999711  0.0132011    -7.9846
 0.0410323  0.0140174   0.999059 0.00945591
         0          0          0          1
v_world_imu:   -0.47213  0.0142082 -0.0130718
frame_102
id: 363
stamp: 1730230143.400040388
T_odom_lidar: 
 -0.998965 -0.0208797  0.0404124  -0.836836
 0.0214378   -0.99968  0.0134258   -7.98245
 0.0401191  0.0142782   0.999093 0.00780134
         0          0          0          1
T_world_lidar: 
 -0.998965 -0.0208797  0.0404124  -0.836836
 0.0214378   -0.99968  0.0134258   -7.98245
 0.0401191  0.0142782   0.999093 0.00780134
         0          0          0          1
v_world_imu:  -0.472809  0.0215088 -0.0103961
frame_103
id: 364
stamp: 1730230143.500023365
T_odom_lidar: 
 -0.999015 -0.0195654  0.0398366  -0.884123
  0.020146  -0.999696   0.014224   -7.98088
 0.0395461  0.0150125   0.999105 0.00623271
         0          0          0          1
T_world_lidar: 
 -0.999015 -0.0195654  0.0398366  -0.884123
  0.020146  -0.999696   0.014224   -7.98088
 0.0395461  0.0150125   0.999105 0.00623271
         0          0          0          1
v_world_imu:  -0.472438  0.0132218 -0.0157085
frame_104
id: 365
stamp: 1730230143.600030422
T_odom_lidar: 
 -0.999045 -0.0189313   0.039384  -0.931449
 0.0195319  -0.999698  0.0149211   -7.98005
 0.0390897  0.0156761   0.999113 0.00460414
         0          0          0          1
T_world_lidar: 
 -0.999045 -0.0189313   0.039384  -0.931449
 0.0195319  -0.999698  0.0149211   -7.98005
 0.0390897  0.0156761   0.999113 0.00460414
         0          0          0          1
v_world_imu:  -0.474372  0.0128152 -0.0138633
frame_105
id: 366
stamp: 1730230143.700025320
T_odom_lidar: 
 -0.999071  -0.017806  0.0392458  -0.978444
  0.018424  -0.999711  0.0154437   -7.97881
 0.0389594  0.0161524    0.99911 0.00328861
         0          0          0          1
T_world_lidar: 
 -0.999071  -0.017806  0.0392458  -0.978444
  0.018424  -0.999711  0.0154437   -7.97881
 0.0389594  0.0161524    0.99911 0.00328861
         0          0          0          1
v_world_imu:  -0.468652  0.0118452 -0.0151701
frame_106
id: 367
stamp: 1730230143.800031424
T_odom_lidar: 
 -0.999069 -0.0181641  0.0391355   -1.02537
 0.0187843  -0.999703   0.015539    -7.9777
 0.0388416  0.0162597   0.999113 0.00175214
         0          0          0          1
T_world_lidar: 
 -0.999069 -0.0181641  0.0391355   -1.02537
 0.0187843  -0.999703   0.015539    -7.9777
 0.0388416  0.0162597   0.999113 0.00175214
         0          0          0          1
v_world_imu:   -0.471249   0.0101345 -0.00894559
frame_107
id: 368
stamp: 1730230143.900025368
T_odom_lidar: 
  -0.999078  -0.0169048   0.0394602    -1.07213
  0.0175488   -0.999717   0.0160311    -7.97678
   0.039178   0.0167088    0.999093 0.000574305
          0           0           0           1
T_world_lidar: 
  -0.999078  -0.0169048   0.0394602    -1.07213
  0.0175488   -0.999717   0.0160311    -7.97678
   0.039178   0.0167088    0.999093 0.000574305
          0           0           0           1
v_world_imu:  -0.466902  0.0121722 -0.0173741
frame_108
id: 369
stamp: 1730230144.003220320
T_odom_lidar: 
  -0.999108  -0.0157021   0.0392071    -1.11999
  0.0163523   -0.999733   0.0163173    -7.97593
  0.0389404   0.0169439    0.999098 -0.00179535
          0           0           0           1
T_world_lidar: 
  -0.999108  -0.0157021   0.0392071    -1.11999
  0.0163523   -0.999733   0.0163173    -7.97593
  0.0389404   0.0169439    0.999098 -0.00179535
          0           0           0           1
v_world_imu:  -0.473399 0.00720817 -0.0136074
frame_109
id: 370
stamp: 1730230144.200025320
T_odom_lidar: 
  -0.999107  -0.0160479   0.0390728    -1.21169
  0.0166897    -0.99973   0.0161562    -7.97345
   0.038803   0.0167939    0.999106 -0.00448443
          0           0           0           1
T_world_lidar: 
  -0.999107  -0.0160479   0.0390728    -1.21169
  0.0166897    -0.99973   0.0161562    -7.97345
   0.038803   0.0167939    0.999106 -0.00448443
          0           0           0           1
v_world_imu:   -0.470501 -0.00346167  -0.0116079
frame_110
id: 371
stamp: 1730230144.300023317
T_odom_lidar: 
  -0.999119   -0.014646   0.0393363    -1.25766
  0.0152695   -0.999762   0.0155995    -7.97314
  0.0390984   0.0161864    0.999104 -0.00602582
          0           0           0           1
T_world_lidar: 
  -0.999119   -0.014646   0.0393363    -1.25766
  0.0152695   -0.999762   0.0155995    -7.97314
  0.0390984   0.0161864    0.999104 -0.00602582
          0           0           0           1
v_world_imu:  -0.459015  0.0169149 -0.0170496
frame_111
id: 372
stamp: 1730230144.400029182
T_odom_lidar: 
  -0.999112  -0.0158849   0.0390175    -1.30376
  0.0164783   -0.999753    0.014935     -7.9718
  0.0387706   0.0155647    0.999127 -0.00773571
          0           0           0           1
T_world_lidar: 
  -0.999112  -0.0158849   0.0390175    -1.30376
  0.0164783   -0.999753    0.014935     -7.9718
  0.0387706   0.0155647    0.999127 -0.00773571
          0           0           0           1
v_world_imu:  -0.463453 0.00303142 -0.0157456
frame_112
id: 373
stamp: 1730230144.500022173
T_odom_lidar: 
  -0.999129  -0.0150023   0.0389401    -1.35009
  0.0155891   -0.999769   0.0148102    -7.97091
  0.0387089   0.0154044    0.999132 -0.00922446
          0           0           0           1
T_world_lidar: 
  -0.999129  -0.0150023   0.0389401    -1.35009
  0.0155891   -0.999769   0.0148102    -7.97091
  0.0387089   0.0154044    0.999132 -0.00922446
          0           0           0           1
v_world_imu:  -0.463982  0.0172391 -0.0186525
frame_113
id: 374
stamp: 1730230144.600019217
T_odom_lidar: 
 -0.999166 -0.0142267  0.0382649   -1.39645
 0.0147753  -0.999792  0.0140934   -7.97014
 0.0380564  0.0146471   0.999168 -0.0115125
         0          0          0          1
T_world_lidar: 
 -0.999166 -0.0142267  0.0382649   -1.39645
 0.0147753  -0.999792  0.0140934   -7.97014
 0.0380564  0.0146471   0.999168 -0.0115125
         0          0          0          1
v_world_imu:  -0.472184 0.00436825 -0.0153572
frame_114
id: 375
stamp: 1730230144.700024366
T_odom_lidar: 
 -0.999183 -0.0124511  0.0384419   -1.44198
 0.0129964  -0.999818  0.0139669   -7.96949
  0.038261  0.0144551   0.999163  -0.015567
         0          0          0          1
T_world_lidar: 
 -0.999183 -0.0124511  0.0384419   -1.44198
 0.0129964  -0.999818  0.0139669   -7.96949
  0.038261  0.0144551   0.999163  -0.015567
         0          0          0          1
v_world_imu:  -0.464214  0.0124589 -0.0176618
frame_115
id: 376
stamp: 1730230144.800025225
T_odom_lidar: 
   -0.9992 -0.0116267  0.0382667   -1.48834
 0.0121866  -0.999822  0.0144306   -7.96823
 0.0380921  0.0148854   0.999163 -0.0174983
         0          0          0          1
T_world_lidar: 
   -0.9992 -0.0116267  0.0382667   -1.48834
 0.0121866  -0.999822  0.0144306   -7.96823
 0.0380921  0.0148854   0.999163 -0.0174983
         0          0          0          1
v_world_imu:  -0.466114  0.0137705 -0.0170177
frame_116
id: 377
stamp: 1730230144.900019169
T_odom_lidar: 
 -0.999184 -0.0102872  0.0390631   -1.53441
 0.0108676  -0.999833  0.0146744   -7.96719
 0.0389056  0.0150869   0.999129 -0.0187764
         0          0          0          1
T_world_lidar: 
 -0.999184 -0.0102872  0.0390631   -1.53441
 0.0108676  -0.999833  0.0146744   -7.96719
 0.0389056  0.0150869   0.999129 -0.0187764
         0          0          0          1
v_world_imu:  -0.459191  0.0107613 -0.0176236
frame_117
id: 378
stamp: 1730230145.003222227
T_odom_lidar: 
  -0.999181 -0.00801991   0.0396683     -1.5812
  0.0086101   -0.999854   0.0147297    -7.96669
  0.0395444   0.0150592    0.999104   -0.021386
          0           0           0           1
T_world_lidar: 
  -0.999181 -0.00801991   0.0396683     -1.5812
  0.0086101   -0.999854   0.0147297    -7.96669
  0.0395444   0.0150592    0.999104   -0.021386
          0           0           0           1
v_world_imu:  -0.463282  0.0110028 -0.0150114
frame_118
id: 379
stamp: 1730230145.200023174
T_odom_lidar: 
  -0.999187 -0.00450627   0.0400717    -1.67278
 0.00512167    -0.99987   0.0152681    -7.96521
  0.0399977   0.0154609     0.99908  -0.0238293
          0           0           0           1
T_world_lidar: 
  -0.999187 -0.00450627   0.0400717    -1.67278
 0.00512167    -0.99987   0.0152681    -7.96521
  0.0399977   0.0154609     0.99908  -0.0238293
          0           0           0           1
v_world_imu:  -0.472404 0.00759396 -0.0183608
frame_119
id: 380
stamp: 1730230145.300017357
T_odom_lidar: 
   -0.999208    0.0012733    0.0397758     -1.71934
-0.000662618    -0.999882    0.0153624     -7.96618
   0.0397906    0.0153239     0.999091   -0.0259905
           0            0            0            1
T_world_lidar: 
   -0.999208    0.0012733    0.0397758     -1.71934
-0.000662618    -0.999882    0.0153624     -7.96618
   0.0397906    0.0153239     0.999091   -0.0259905
           0            0            0            1
v_world_imu:  -0.475027 -0.0118785  -0.017158
frame_120
id: 381
stamp: 1730230145.400023222
T_odom_lidar: 
  -0.99922 0.00487781  0.0391897   -1.76654
-0.0043994  -0.999915  0.0122845   -7.96894
 0.0392463  0.0121025   0.999156  -0.027658
         0          0          0          1
T_world_lidar: 
  -0.99922 0.00487781  0.0391897   -1.76654
-0.0043994  -0.999915  0.0122845   -7.96894
 0.0392463  0.0121025   0.999156  -0.027658
         0          0          0          1
v_world_imu:   -0.469665  -0.0100709 -0.00711574
frame_121
id: 382
stamp: 1730230145.500033140
T_odom_lidar: 
  -0.999207  0.00573537   0.0393949    -1.81322
-0.00526516   -0.999914   0.0120294     -7.9692
  0.0394604   0.0118124    0.999151  -0.0284828
          0           0           0           1
T_world_lidar: 
  -0.999207  0.00573537   0.0393949    -1.81322
-0.00526516   -0.999914   0.0120294     -7.9692
  0.0394604   0.0118124    0.999151  -0.0284828
          0           0           0           1
v_world_imu:  -0.461172  0.0104903 -0.0142777
frame_122
id: 383
stamp: 1730230145.600034237
T_odom_lidar: 
    -0.9992  0.00493733   0.0396876     -1.8592
-0.00447069    -0.99992    0.011838    -7.96838
  0.0397428   0.0116511    0.999142  -0.0298721
          0           0           0           1
T_world_lidar: 
    -0.9992  0.00493733   0.0396876     -1.8592
-0.00447069    -0.99992    0.011838    -7.96838
  0.0397428   0.0116511    0.999142  -0.0298721
          0           0           0           1
v_world_imu:   -0.461378 -0.00038015  -0.0131784
frame_123
id: 384
stamp: 1730230145.700038195
T_odom_lidar: 
  -0.999192   0.0062056   0.0397185      -1.905
-0.00571131   -0.999905   0.0125463    -7.96825
  0.0397926   0.0123093    0.999132  -0.0309428
          0           0           0           1
T_world_lidar: 
  -0.999192   0.0062056   0.0397185      -1.905
-0.00571131   -0.999905   0.0125463    -7.96825
  0.0397926   0.0123093    0.999132  -0.0309428
          0           0           0           1
v_world_imu:  -0.456132 0.00798778 -0.0133753
frame_124
id: 385
stamp: 1730230145.800025225
T_odom_lidar: 
  -0.999219  0.00561012   0.0391179    -1.95093
-0.00507614   -0.999893   0.0137366    -7.96677
  0.0391908   0.0135273     0.99914  -0.0324738
          0           0           0           1
T_world_lidar: 
  -0.999219  0.00561012   0.0391179    -1.95093
-0.00507614   -0.999893   0.0137366    -7.96677
  0.0391908   0.0135273     0.99914  -0.0324738
          0           0           0           1
v_world_imu: -0.463624 0.0103039 -0.012895
frame_125
id: 386
stamp: 1730230145.900030136
T_odom_lidar: 
  -0.999199   0.0055806   0.0396336    -1.99699
-0.00501747   -0.999885   0.0142938    -7.96661
  0.0397088   0.0140835    0.999112  -0.0336124
          0           0           0           1
T_world_lidar: 
  -0.999199   0.0055806   0.0396336    -1.99699
-0.00501747   -0.999885   0.0142938    -7.96661
  0.0397088   0.0140835    0.999112  -0.0336124
          0           0           0           1
v_world_imu:     -0.45929 -0.000727901    -0.013867
frame_126
id: 387
stamp: 1730230146.003222227
T_odom_lidar: 
  -0.999212  0.00566021   0.0392826    -2.04423
-0.00506435   -0.999871   0.0152514    -7.96573
  0.0393639   0.0150405    0.999112  -0.0360219
          0           0           0           1
T_world_lidar: 
  -0.999212  0.00566021   0.0392826    -2.04423
-0.00506435   -0.999871   0.0152514    -7.96573
  0.0393639   0.0150405    0.999112  -0.0360219
          0           0           0           1
v_world_imu:   -0.46526  0.0110769 -0.0160351
frame_127
id: 388
stamp: 1730230146.200027466
T_odom_lidar: 
  -0.999188  0.00415884     0.04007    -2.13486
-0.00353581   -0.999872   0.0156069    -7.96417
  0.0401297   0.0154525    0.999075  -0.0389528
          0           0           0           1
T_world_lidar: 
  -0.999188  0.00415884     0.04007    -2.13486
-0.00353581   -0.999872   0.0156069    -7.96417
  0.0401297   0.0154525    0.999075  -0.0389528
          0           0           0           1
v_world_imu:  -0.463159 0.00626226  -0.013232
frame_128
id: 389
stamp: 1730230146.300023556
T_odom_lidar: 
  -0.999177  0.00471475   0.0402975    -2.18056
-0.00409484   -0.999872    0.015452    -7.96407
  0.0403652   0.0152743    0.999068  -0.0409385
          0           0           0           1
T_world_lidar: 
  -0.999177  0.00471475   0.0402975    -2.18056
-0.00409484   -0.999872    0.015452    -7.96407
  0.0403652   0.0152743    0.999068  -0.0409385
          0           0           0           1
v_world_imu:   -0.461483 -0.00202581  -0.0114122
frame_129
id: 390
stamp: 1730230146.400033474
T_odom_lidar: 
  -0.999208  0.00544545   0.0394218    -2.22702
-0.00485038   -0.999873   0.0151749    -7.96451
  0.0394994   0.0149717    0.999107  -0.0428027
          0           0           0           1
T_world_lidar: 
  -0.999208  0.00544545   0.0394218    -2.22702
-0.00485038   -0.999873   0.0151749    -7.96451
  0.0394994   0.0149717    0.999107  -0.0428027
          0           0           0           1
v_world_imu:  -0.468101 0.00385487 -0.0173442
frame_130
id: 391
stamp: 1730230146.500026464
T_odom_lidar: 
  -0.999205  0.00518576   0.0395314    -2.27361
-0.00461122   -0.999883    0.014611    -7.96416
  0.0396025   0.0144171    0.999111  -0.0442606
          0           0           0           1
T_world_lidar: 
  -0.999205  0.00518576   0.0395314    -2.27361
-0.00461122   -0.999883    0.014611    -7.96416
  0.0396025   0.0144171    0.999111  -0.0442606
          0           0           0           1
v_world_imu:  -0.465443 -0.0081423 -0.0130802
frame_131
id: 392
stamp: 1730230146.600030661
T_odom_lidar: 
  -0.999209  0.00673154    0.039202     -2.3199
-0.00616458   -0.999875   0.0145655    -7.96542
  0.0392951   0.0143123    0.999125  -0.0458041
          0           0           0           1
T_world_lidar: 
  -0.999209  0.00673154    0.039202     -2.3199
-0.00616458   -0.999875   0.0145655    -7.96542
  0.0392951   0.0143123    0.999125  -0.0458041
          0           0           0           1
v_world_imu:  -0.464754   0.002012 -0.0199139
frame_132
id: 393
stamp: 1730230146.700026512
T_odom_lidar: 
  -0.999188  0.00579301   0.0398762    -2.36599
-0.00519281   -0.999872   0.0151386    -7.96419
  0.0399588   0.0149192     0.99909  -0.0470387
          0           0           0           1
T_world_lidar: 
  -0.999188  0.00579301   0.0398762    -2.36599
-0.00519281   -0.999872   0.0151386    -7.96419
  0.0399588   0.0149192     0.99909  -0.0470387
          0           0           0           1
v_world_imu:  -0.457066 0.00616306 -0.0097024
frame_133
id: 394
stamp: 1730230146.800025463
T_odom_lidar: 
   -0.99918  0.00699172   0.0398817    -2.41183
-0.00637595   -0.999859   0.0155462    -7.96436
  0.0399847   0.0152792    0.999083  -0.0483307
          0           0           0           1
T_world_lidar: 
   -0.99918  0.00699172   0.0398817    -2.41183
-0.00637595   -0.999859   0.0155462    -7.96436
  0.0399847   0.0152792    0.999083  -0.0483307
          0           0           0           1
v_world_imu:  -0.457324 0.00160117 -0.0108958
frame_134
id: 395
stamp: 1730230146.900025606
T_odom_lidar: 
   -0.99918  0.00569709   0.0400908    -2.45712
-0.00509056   -0.999871    0.015215    -7.96374
  0.0401723   0.0149984     0.99908  -0.0486933
          0           0           0           1
T_world_lidar: 
   -0.99918  0.00569709   0.0400908    -2.45712
-0.00509056   -0.999871    0.015215    -7.96374
  0.0401723   0.0149984     0.99908  -0.0486933
          0           0           0           1
v_world_imu:   -0.451037  0.00185988 -0.00188221
frame_135
id: 396
stamp: 1730230147.003223658
T_odom_lidar: 
  -0.999176  0.00651227   0.0400712    -2.50302
-0.00593173   -0.999876   0.0145895    -7.96431
  0.0401612   0.0143397     0.99909  -0.0501429
          0           0           0           1
T_world_lidar: 
  -0.999176  0.00651227   0.0400712    -2.50302
-0.00593173   -0.999876   0.0145895    -7.96431
  0.0401612   0.0143397     0.99909  -0.0501429
          0           0           0           1
v_world_imu:   -0.454854 -0.00657386 -0.00449763
frame_136
id: 397
stamp: 1730230147.200024366
T_odom_lidar: 
  -0.999127  0.00822977    0.040968    -2.59213
-0.00764174   -0.999866   0.0144895    -7.96452
  0.0410818   0.0141638    0.999055  -0.0508738
          0           0           0           1
T_world_lidar: 
  -0.999127  0.00822977    0.040968    -2.59213
-0.00764174   -0.999866   0.0144895    -7.96452
  0.0410818   0.0141638    0.999055  -0.0508738
          0           0           0           1
v_world_imu:   -0.455915 -0.00438585 -0.00833381
frame_137
id: 398
stamp: 1730230147.300029516
T_odom_lidar: 
 -0.999095 0.00855045  0.0416759    -2.6372
-0.0079529  -0.999863  0.0144829   -7.96481
 0.0417941  0.0141383   0.999026 -0.0521451
         0          0          0          1
T_world_lidar: 
 -0.999095 0.00855045  0.0416759    -2.6372
-0.0079529  -0.999863  0.0144829   -7.96481
 0.0417941  0.0141383   0.999026 -0.0521451
         0          0          0          1
v_world_imu:   -0.455023  0.00218937 -0.00672952
frame_138
id: 399
stamp: 1730230147.400026560
T_odom_lidar: 
 -0.999051  0.0109232  0.0421574   -2.68262
-0.0102869   -0.99983  0.0152804   -7.96516
 0.0423171  0.0148322   0.998994 -0.0528762
         0          0          0          1
T_world_lidar: 
 -0.999051  0.0109232  0.0421574   -2.68262
-0.0102869   -0.99983  0.0152804   -7.96516
 0.0423171  0.0148322   0.998994 -0.0528762
         0          0          0          1
v_world_imu:   -0.457115 0.000924019  -0.0127103
frame_139
id: 400
stamp: 1730230147.500028372
T_odom_lidar: 
 -0.998995  0.0120519  0.0431787   -2.72792
-0.0114028  -0.999819  0.0152466    -7.9658
 0.0433546   0.014739   0.998951 -0.0532546
         0          0          0          1
T_world_lidar: 
 -0.998995  0.0120519  0.0431787   -2.72792
-0.0114028  -0.999819  0.0152466    -7.9658
 0.0433546   0.014739   0.998951 -0.0532546
         0          0          0          1
v_world_imu:   -0.452905 -0.00633025 -0.00750041
frame_140
id: 401
stamp: 1730230147.600024462
T_odom_lidar: 
 -0.998943  0.0146465  0.0435767   -2.77333
-0.0139047  -0.999754  0.0172767   -7.96623
 0.0438191  0.0166525   0.998901 -0.0539572
         0          0          0          1
T_world_lidar: 
 -0.998943  0.0146465  0.0435767   -2.77333
-0.0139047  -0.999754  0.0172767   -7.96623
 0.0438191  0.0166525   0.998901 -0.0539572
         0          0          0          1
v_world_imu:  -0.457539   0.012082 -0.0097206
frame_141
id: 402
stamp: 1730230147.700021505
T_odom_lidar: 
 -0.998927   0.013453  0.0443161   -2.81909
-0.0126945  -0.999769  0.0173541   -7.96523
 0.0445393  0.0167729   0.998867  -0.054871
         0          0          0          1
T_world_lidar: 
 -0.998927   0.013453  0.0443161   -2.81909
-0.0126945  -0.999769  0.0173541   -7.96523
 0.0445393  0.0167729   0.998867  -0.054871
         0          0          0          1
v_world_imu:   -0.455522 -0.00531644 -0.00670142
frame_142
id: 403
stamp: 1730230147.800028563
T_odom_lidar: 
 -0.998885  0.0154316  0.0446163   -2.86472
-0.0147095  -0.999756  0.0164668   -7.96697
 0.0448596  0.0157922   0.998868 -0.0559823
         0          0          0          1
T_world_lidar: 
 -0.998885  0.0154316  0.0446163   -2.86472
-0.0147095  -0.999756  0.0164668   -7.96697
 0.0448596  0.0157922   0.998868 -0.0559823
         0          0          0          1
v_world_imu:  -0.458699 -0.0102572 -0.0152913
frame_143
id: 404
stamp: 1730230147.900025368
T_odom_lidar: 
 -0.998904  0.0144365  0.0445294   -2.90999
 -0.013679  -0.999757  0.0172691    -7.9663
 0.0447679  0.0166411   0.998859 -0.0580442
         0          0          0          1
T_world_lidar: 
 -0.998904  0.0144365  0.0445294   -2.90999
 -0.013679  -0.999757  0.0172691    -7.9663
 0.0447679  0.0166411   0.998859 -0.0580442
         0          0          0          1
v_world_imu:  -0.457162 0.00256465 -0.0017503
frame_144
id: 405
stamp: 1730230148.003218412
T_odom_lidar: 
   -0.9989  0.0144453  0.0446047   -2.95653
-0.0136546  -0.999745  0.0179795   -7.96664
  0.044853  0.0173507   0.998843 -0.0593702
         0          0          0          1
T_world_lidar: 
   -0.9989  0.0144453  0.0446047   -2.95653
-0.0136546  -0.999745  0.0179795   -7.96664
  0.044853  0.0173507   0.998843 -0.0593702
         0          0          0          1
v_world_imu:    -0.468393 -0.000850952  -0.00159753
frame_145
id: 406
stamp: 1730230148.200031281
T_odom_lidar: 
 -0.998897  0.0133808  0.0450157   -3.04997
-0.0125126  -0.999731  0.0195137   -7.96504
 0.0452647  0.0189289   0.998796 -0.0592275
         0          0          0          1
T_world_lidar: 
 -0.998897  0.0133808  0.0450157   -3.04997
-0.0125126  -0.999731  0.0195137   -7.96504
 0.0452647  0.0189289   0.998796 -0.0592275
         0          0          0          1
v_world_imu:   -0.479814  0.00804533 -0.00406218
frame_146
id: 407
stamp: 1730230148.300019264
T_odom_lidar: 
 -0.998878  0.0153087  0.0448209   -3.09791
 -0.014426  -0.999697  0.0199501    -7.9654
 0.0451128  0.0192811   0.998796 -0.0588311
         0          0          0          1
T_world_lidar: 
 -0.998878  0.0153087  0.0448209   -3.09791
 -0.014426  -0.999697  0.0199501    -7.9654
 0.0451128  0.0192811   0.998796 -0.0588311
         0          0          0          1
v_world_imu:    -0.48059 -0.00865257  0.00104618
frame_147
id: 408
stamp: 1730230148.400028467
T_odom_lidar: 
 -0.998863  0.0180984  0.0440971   -3.14574
 -0.017272  -0.999669  0.0190507   -7.96729
 0.0444273  0.0182674   0.998846 -0.0589407
         0          0          0          1
T_world_lidar: 
 -0.998863  0.0180984  0.0440971   -3.14574
 -0.017272  -0.999669  0.0190507   -7.96729
 0.0444273  0.0182674   0.998846 -0.0589407
         0          0          0          1
v_world_imu:   -0.478084  -0.0109518 0.000509895
frame_148
id: 409
stamp: 1730230148.500030279
T_odom_lidar: 
 -0.998837  0.0205458  0.0436236   -3.19354
-0.0197592  -0.999636  0.0183888   -7.96897
 0.0439855  0.0175055   0.998879 -0.0591775
         0          0          0          1
T_world_lidar: 
 -0.998837  0.0205458  0.0436236   -3.19354
-0.0197592  -0.999636  0.0183888   -7.96897
 0.0439855  0.0175055   0.998879 -0.0591775
         0          0          0          1
v_world_imu:   -0.476222  -0.0108543 -0.00592909
frame_149
id: 410
stamp: 1730230148.600027323
T_odom_lidar: 
 -0.998853  0.0211169  0.0429751    -3.2414
-0.0203811  -0.999639  0.0174891    -7.9702
 0.0433289  0.0165932   0.998923 -0.0597984
         0          0          0          1
T_world_lidar: 
 -0.998853  0.0211169  0.0429751    -3.2414
-0.0203811  -0.999639  0.0174891    -7.9702
 0.0433289  0.0165932   0.998923 -0.0597984
         0          0          0          1
v_world_imu:   -0.481757 -0.00643908 -0.00968755
frame_150
id: 411
stamp: 1730230148.700030327
T_odom_lidar: 
 -0.998886  0.0205391  0.0424935   -3.28923
-0.0198239  -0.999656  0.0171859   -7.97054
 0.0428318  0.0163244   0.998949 -0.0598772
         0          0          0          1
T_world_lidar: 
 -0.998886  0.0205391  0.0424935   -3.28923
-0.0198239  -0.999656  0.0171859   -7.97054
 0.0428318  0.0163244   0.998949 -0.0598772
         0          0          0          1
v_world_imu:   -0.475685 -0.00469955  0.00275045
frame_151
id: 412
stamp: 1730230148.800027370
T_odom_lidar: 
 -0.998869  0.0217271  0.0422983   -3.33667
 -0.021026  -0.999635  0.0169506   -7.97159
 0.0426512   0.016042   0.998961 -0.0600785
         0          0          0          1
T_world_lidar: 
 -0.998869  0.0217271  0.0422983   -3.33667
 -0.021026  -0.999635  0.0169506   -7.97159
 0.0426512   0.016042   0.998961 -0.0600785
         0          0          0          1
v_world_imu:    -0.475604  -0.00695287 -0.000991823
frame_152
id: 413
stamp: 1730230148.900027275
T_odom_lidar: 
 -0.998867  0.0217504  0.0423227   -3.38386
-0.0210739  -0.999644  0.0163652   -7.97233
 0.0426636  0.0154547    0.99897 -0.0600171
         0          0          0          1
T_world_lidar: 
 -0.998867  0.0217504  0.0423227   -3.38386
-0.0210739  -0.999644  0.0163652   -7.97233
 0.0426636  0.0154547    0.99897 -0.0600171
         0          0          0          1
v_world_imu:   -0.468985  -0.0118972 -0.00190787
frame_153
id: 414
stamp: 1730230149.003245354
T_odom_lidar: 
 -0.998889  0.0224384  0.0414332   -3.43155
  -0.02178   -0.99963  0.0162741   -7.97363
  0.041783  0.0153536   0.999009 -0.0619389
         0          0          0          1
T_world_lidar: 
 -0.998889  0.0224384  0.0414332   -3.43155
  -0.02178   -0.99963  0.0162741   -7.97363
  0.041783  0.0153536   0.999009 -0.0619389
         0          0          0          1
v_world_imu:    -0.475872  -0.00376274 -0.000820792
frame_154
id: 415
stamp: 1730230149.203232527
T_odom_lidar: 
  -0.99889  0.0230804  0.0410505   -3.52665
-0.0224626  -0.999628  0.0154464   -7.97574
 0.0413918  0.0145071   0.999038 -0.0637833
         0          0          0          1
T_world_lidar: 
  -0.99889  0.0230804  0.0410505   -3.52665
-0.0224626  -0.999628  0.0154464   -7.97574
 0.0413918  0.0145071   0.999038 -0.0637833
         0          0          0          1
v_world_imu:   -0.486437 -0.00713663  -0.0100983
frame_155
id: 416
stamp: 1730230149.300026178
T_odom_lidar: 
 -0.998855  0.0246548  0.0410091   -3.57396
-0.0240309  -0.999589  0.0156375   -7.97675
 0.0413778  0.0146341   0.999036  -0.064375
         0          0          0          1
T_world_lidar: 
 -0.998855  0.0246548  0.0410091   -3.57396
-0.0240309  -0.999589  0.0156375   -7.97675
 0.0413778  0.0146341   0.999036  -0.064375
         0          0          0          1
v_world_imu:   -0.492351 -0.00909773  -0.0107144
frame_156
id: 417
stamp: 1730230149.503220558
T_odom_lidar: 
 -0.998804  0.0280815   0.040015   -3.67386
-0.0274488  -0.999491   0.016273   -7.97926
 0.0404516  0.0151552   0.999067 -0.0686442
         0          0          0          1
T_world_lidar: 
 -0.998804  0.0280815   0.040015   -3.67386
-0.0274488  -0.999491   0.016273   -7.97926
 0.0404516  0.0151552   0.999067 -0.0686442
         0          0          0          1
v_world_imu:   -0.502596  -0.0114785 -0.00265168
frame_157
id: 418
stamp: 1730230149.700022221
T_odom_lidar: 
 -0.998732  0.0292694  0.0409568   -3.77099
-0.0286623  -0.999472  0.0153335   -7.98272
 0.0413839  0.0141401   0.999043 -0.0750464
         0          0          0          1
T_world_lidar: 
 -0.998732  0.0292694  0.0409568   -3.77099
-0.0286623  -0.999472  0.0153335   -7.98272
 0.0413839  0.0141401   0.999043 -0.0750464
         0          0          0          1
v_world_imu:   -0.507649  -0.0273707 -0.00451785
frame_158
id: 419
stamp: 1730230149.800026178
T_odom_lidar: 
 -0.998721  0.0300391  0.0406746   -3.82084
 -0.029503  -0.999471  0.0137189   -7.98521
 0.0410652  0.0125014   0.999078 -0.0775008
         0          0          0          1
T_world_lidar: 
 -0.998721  0.0300391  0.0406746   -3.82084
 -0.029503  -0.999471  0.0137189   -7.98521
 0.0410652  0.0125014   0.999078 -0.0775008
         0          0          0          1
v_world_imu:    -0.50797   -0.021732 -0.00143124
frame_159
id: 420
stamp: 1730230149.903227329
T_odom_lidar: 
 -0.998746  0.0290508  0.0407655   -3.87203
-0.0285194  -0.999501  0.0135574   -7.98723
  0.041139  0.0123778   0.999077 -0.0793426
         0          0          0          1
T_world_lidar: 
 -0.998746  0.0290508  0.0407655   -3.87203
-0.0285194  -0.999501  0.0135574   -7.98723
  0.041139  0.0123778   0.999077 -0.0793426
         0          0          0          1
v_world_imu:  -0.505918 -0.0124277 -0.0122117
frame_160
id: 421
stamp: 1730230150.000022173
T_odom_lidar: 
 -0.998703  0.0303045  0.0409133   -3.92122
-0.0297433  -0.999456  0.0142548   -7.98873
 0.0413231  0.0130194   0.999061 -0.0798358
         0          0          0          1
T_world_lidar: 
 -0.998703  0.0303045  0.0409133   -3.92122
-0.0297433  -0.999456  0.0142548   -7.98873
 0.0413231  0.0130194   0.999061 -0.0798358
         0          0          0          1
v_world_imu:   -0.508988  -0.0106337 -0.00179406
frame_161
id: 422
stamp: 1730230150.200025558
T_odom_lidar: 
  -0.99874  0.0297883  0.0403801   -4.02189
-0.0291526  -0.999443  0.0162434   -7.99038
 0.0408415  0.0150458   0.999052 -0.0820577
         0          0          0          1
T_world_lidar: 
  -0.99874  0.0297883  0.0403801   -4.02189
-0.0291526  -0.999443  0.0162434   -7.99038
 0.0408415  0.0150458   0.999052 -0.0820577
         0          0          0          1
v_world_imu:    -0.49923 0.000523601  -0.0047937
frame_162
id: 423
stamp: 1730230150.300017595
T_odom_lidar: 
 -0.998794  0.0294341  0.0392864   -4.07165
-0.0288572  -0.999468   0.015174   -7.99215
 0.0397122   0.014022   0.999113 -0.0826501
         0          0          0          1
T_world_lidar: 
 -0.998794  0.0294341  0.0392864   -4.07165
-0.0288572  -0.999468   0.015174   -7.99215
 0.0397122   0.014022   0.999113 -0.0826501
         0          0          0          1
v_world_imu:   -0.496256   -0.036433 -0.00439613
frame_163
id: 424
stamp: 1730230150.400032520
T_odom_lidar: 
 -0.998781  0.0303201  0.0389617   -4.12093
-0.0298086  -0.999463  0.0136431   -7.99545
 0.0393544   0.012465   0.999148 -0.0831244
         0          0          0          1
T_world_lidar: 
 -0.998781  0.0303201  0.0389617   -4.12093
-0.0298086  -0.999463  0.0136431   -7.99545
 0.0393544   0.012465   0.999148 -0.0831244
         0          0          0          1
v_world_imu:  -0.489727 -0.0184395 0.00356416
frame_164
id: 425
stamp: 1730230150.500027657
T_odom_lidar: 
 -0.998781   0.030156  0.0390783   -4.17008
-0.0296279  -0.999463  0.0140241   -7.99653
 0.0394802  0.0128492   0.999138 -0.0838651
         0          0          0          1
T_world_lidar: 
 -0.998781   0.030156  0.0390783   -4.17008
-0.0296279  -0.999463  0.0140241   -7.99653
 0.0394802  0.0128492   0.999138 -0.0838651
         0          0          0          1
v_world_imu:  -0.486811 -0.0134983 -0.0076686
frame_165
id: 426
stamp: 1730230150.600025654
T_odom_lidar: 
 -0.998739  0.0307972  0.0396589   -4.21872
-0.0302856  -0.999451  0.0134377   -7.99859
 0.0400509  0.0122197   0.999123  -0.084599
         0          0          0          1
T_world_lidar: 
 -0.998739  0.0307972  0.0396589   -4.21872
-0.0302856  -0.999451  0.0134377   -7.99859
 0.0400509  0.0122197   0.999123  -0.084599
         0          0          0          1
v_world_imu:   -0.484338  -0.0243763 -0.00984332
frame_166
id: 427
stamp: 1730230150.700033665
T_odom_lidar: 
 -0.998693  0.0320404  0.0398329   -4.26694
-0.0315013  -0.999404  0.0140884   -8.00067
 0.0402606  0.0128152   0.999107 -0.0847049
         0          0          0          1
T_world_lidar: 
 -0.998693  0.0320404  0.0398329   -4.26694
-0.0315013  -0.999404  0.0140884   -8.00067
 0.0402606  0.0128152   0.999107 -0.0847049
         0          0          0          1
v_world_imu:   -0.485773 -0.00651262 -0.00381375
frame_167
id: 428
stamp: 1730230150.800021648
T_odom_lidar: 
-0.998682 0.0319662 0.0401671  -4.31536
-0.031392 -0.999397 0.0148459  -8.00131
0.0406174 0.0135654  0.999083 -0.085287
        0         0         0         1
T_world_lidar: 
-0.998682 0.0319662 0.0401671  -4.31536
-0.031392 -0.999397 0.0148459  -8.00131
0.0406174 0.0135654  0.999083 -0.085287
        0         0         0         1
v_world_imu:   -0.481048  -0.0132886 -0.00306954
frame_168
id: 429
stamp: 1730230150.900029659
T_odom_lidar: 
 -0.998663  0.0319429  0.0406426   -4.36363
-0.0313928  -0.999408  0.0141033   -8.00341
  0.041069  0.0128085   0.999074 -0.0859398
         0          0          0          1
T_world_lidar: 
 -0.998663  0.0319429  0.0406426   -4.36363
-0.0313928  -0.999408  0.0141033   -8.00341
  0.041069  0.0128085   0.999074 -0.0859398
         0          0          0          1
v_world_imu:   -0.484683  -0.0247234 -0.00873239
frame_169
id: 430
stamp: 1730230151.003232241
T_odom_lidar: 
 -0.998598  0.0330142  0.0413757   -4.41242
-0.0324428   -0.99937   0.014406   -8.00443
 0.0418252  0.0130434    0.99904 -0.0890834
         0          0          0          1
T_world_lidar: 
 -0.998598  0.0330142  0.0413757   -4.41242
-0.0324428   -0.99937   0.014406   -8.00443
 0.0418252  0.0130434    0.99904 -0.0890834
         0          0          0          1
v_world_imu:    -0.48034 -0.00166116  -0.0055103
frame_170
id: 431
stamp: 1730230151.200026512
T_odom_lidar: 
 -0.998596  0.0316595  0.0424677    -4.5072
-0.0310979  -0.999421  0.0138194   -8.00645
 0.0428806  0.0124793   0.999002 -0.0902688
         0          0          0          1
T_world_lidar: 
 -0.998596  0.0316595  0.0424677    -4.5072
-0.0310979  -0.999421  0.0138194   -8.00645
 0.0428806  0.0124793   0.999002 -0.0902688
         0          0          0          1
v_world_imu:   -0.479101  -0.0165099 -0.00398328
frame_171
id: 432
stamp: 1730230151.300018549
T_odom_lidar: 
 -0.998585  0.0318707   0.042576    -4.5549
-0.0312999  -0.999412  0.0140068   -8.00784
 0.0429974  0.0126543   0.998995 -0.0908677
         0          0          0          1
T_world_lidar: 
 -0.998585  0.0318707   0.042576    -4.5549
-0.0312999  -0.999412  0.0140068   -8.00784
 0.0429974  0.0126543   0.998995 -0.0908677
         0          0          0          1
v_world_imu:   -0.477349 -0.00116253  -0.0160902
frame_172
id: 433
stamp: 1730230151.400030375
T_odom_lidar: 
 -0.998553   0.032025  0.0432084   -4.60243
-0.0314555   -0.99941  0.0137988   -8.00842
 0.0436248  0.0124197   0.998971 -0.0914283
         0          0          0          1
T_world_lidar: 
 -0.998553   0.032025  0.0432084   -4.60243
-0.0314555   -0.99941  0.0137988   -8.00842
 0.0436248  0.0124197   0.998971 -0.0914283
         0          0          0          1
v_world_imu:   -0.473885  -0.0163749 -0.00278424
frame_173
id: 434
stamp: 1730230151.500025511
T_odom_lidar: 
 -0.998548  0.0325234  0.0429467   -4.64973
-0.0319275  -0.999385  0.0144882   -8.00961
 0.0433915   0.013096   0.998972 -0.0920301
         0          0          0          1
T_world_lidar: 
 -0.998548  0.0325234  0.0429467   -4.64973
-0.0319275  -0.999385  0.0144882   -8.00961
 0.0433915   0.013096   0.998972 -0.0920301
         0          0          0          1
v_world_imu:   -0.472609  0.00273876 -0.00344364
frame_174
id: 435
stamp: 1730230151.600026369
T_odom_lidar: 
 -0.998552  0.0317206  0.0434417   -4.69692
-0.0310784  -0.999399  0.0153812   -8.00934
 0.0439035  0.0140088   0.998938  -0.092398
         0          0          0          1
T_world_lidar: 
 -0.998552  0.0317206  0.0434417   -4.69692
-0.0310784  -0.999399  0.0153812   -8.00934
 0.0439035  0.0140088   0.998938  -0.092398
         0          0          0          1
v_world_imu:   -0.470599 -0.00451146   -0.010377
frame_175
id: 436
stamp: 1730230151.700021505
T_odom_lidar: 
 -0.998478  0.0335752   0.043754   -4.74414
-0.0328771  -0.999322  0.0165785   -8.01018
  0.044281  0.0151147   0.998905 -0.0932595
         0          0          0          1
T_world_lidar: 
 -0.998478  0.0335752   0.043754   -4.74414
-0.0328771  -0.999322  0.0165785   -8.01018
  0.044281  0.0151147   0.998905 -0.0932595
         0          0          0          1
v_world_imu:   -0.477188 -0.00160176 -0.00842566
frame_176
id: 437
stamp: 1730230151.800026417
T_odom_lidar: 
 -0.998473  0.0335074  0.0439104   -4.79139
-0.0328157  -0.999327  0.0163802   -8.01064
 0.0444297  0.0149142   0.998901 -0.0934669
         0          0          0          1
T_world_lidar: 
 -0.998473  0.0335074  0.0439104   -4.79139
-0.0328157  -0.999327  0.0163802   -8.01064
 0.0444297  0.0149142   0.998901 -0.0934669
         0          0          0          1
v_world_imu:   -0.469537  -0.0135487 -0.00316404
frame_177
id: 438
stamp: 1730230151.900027514
T_odom_lidar: 
 -0.998481  0.0341512  0.0432322   -4.83864
-0.0334653  -0.999304  0.0164914   -8.01187
 0.0437653  0.0150196   0.998929 -0.0941414
         0          0          0          1
T_world_lidar: 
 -0.998481  0.0341512  0.0432322   -4.83864
-0.0334653  -0.999304  0.0164914   -8.01187
 0.0437653  0.0150196   0.998929 -0.0941414
         0          0          0          1
v_world_imu:   -0.475976 -0.00600407 -0.00568761
frame_178
id: 439
stamp: 1730230152.003233671
T_odom_lidar: 
  -0.99843  0.0354279  0.0433841   -4.88599
-0.0347913  -0.999277  0.0153422   -8.01373
 0.0438963  0.0138087   0.998941 -0.0966677
         0          0          0          1
T_world_lidar: 
  -0.99843  0.0354279  0.0433841   -4.88599
-0.0347913  -0.999277  0.0153422   -8.01373
 0.0438963  0.0138087   0.998941 -0.0966677
         0          0          0          1
v_world_imu:   -0.471669  -0.0214266 -0.00827942
frame_179
id: 440
stamp: 1730230152.203230619
T_odom_lidar: 
 -0.998386  0.0367447  0.0432975   -4.98033
-0.0361715  -0.999248  0.0139482   -8.01676
 0.0437774  0.0123595   0.998965 -0.0978276
         0          0          0          1
T_world_lidar: 
 -0.998386  0.0367447  0.0432975   -4.98033
-0.0361715  -0.999248  0.0139482   -8.01676
 0.0437774  0.0123595   0.998965 -0.0978276
         0          0          0          1
v_world_imu:   -0.474868  -0.0135465 -0.00182984
frame_180
id: 441
stamp: 1730230152.400026560
T_odom_lidar: 
 -0.998309  0.0376279   0.044319   -5.07378
-0.0370886  -0.999228  0.0129306   -8.02047
 0.0447714   0.011265   0.998934 -0.0987049
         0          0          0          1
T_world_lidar: 
 -0.998309  0.0376279   0.044319   -5.07378
-0.0370886  -0.999228  0.0129306   -8.02047
 0.0447714   0.011265   0.998934 -0.0987049
         0          0          0          1
v_world_imu:   -0.471948  -0.0192646 -0.00246614
frame_181
id: 442
stamp: 1730230152.500033379
T_odom_lidar: 
  -0.99819  0.0394179  0.0454266   -5.12034
-0.0389483  -0.999179  0.0111782   -8.02332
   0.04583 0.00938871   0.998905 -0.0980032
         0          0          0          1
T_world_lidar: 
  -0.99819  0.0394179  0.0454266   -5.12034
-0.0389483  -0.999179  0.0111782   -8.02332
   0.04583 0.00938871   0.998905 -0.0980032
         0          0          0          1
v_world_imu:  -0.461102 -0.0274178  0.0048819
frame_182
id: 443
stamp: 1730230152.600035429
T_odom_lidar: 
 -0.998131  0.0395286  0.0465982   -5.16626
-0.0390989  -0.999184  0.0100982   -8.02631
 0.0469593  0.0082574   0.998863 -0.0977349
         0          0          0          1
T_world_lidar: 
 -0.998131  0.0395286  0.0465982   -5.16626
-0.0390989  -0.999184  0.0100982   -8.02631
 0.0469593  0.0082574   0.998863 -0.0977349
         0          0          0          1
v_world_imu:  -0.459964 -0.0258965 0.00234787
frame_183
id: 444
stamp: 1730230152.700037479
T_odom_lidar: 
 -0.998115  0.0395022  0.0469663   -5.21239
-0.0390526  -0.999182  0.0104522   -8.02903
 0.0473408  0.0085983   0.998842 -0.0975189
         0          0          0          1
T_world_lidar: 
 -0.998115  0.0395022  0.0469663   -5.21239
-0.0390526  -0.999182  0.0104522   -8.02903
 0.0473408  0.0085983   0.998842 -0.0975189
         0          0          0          1
v_world_imu:   -0.461389  -0.0203394 -0.00325894
frame_184
id: 445
stamp: 1730230152.800045490
T_odom_lidar: 
 -0.998141  0.0385537  0.0472045   -5.25815
-0.0381009  -0.999219  0.0104569   -8.03123
 0.0475708 0.00863894   0.998831 -0.0976638
         0          0          0          1
T_world_lidar: 
 -0.998141  0.0385537  0.0472045   -5.25815
-0.0381009  -0.999219  0.0104569   -8.03123
 0.0475708 0.00863894   0.998831 -0.0976638
         0          0          0          1
v_world_imu:  -0.457455 -0.0224494  0.0018087
frame_185
id: 446
stamp: 1730230152.900037527
T_odom_lidar: 
 -0.998254  0.0369926  0.0460475   -5.30134
-0.0364515  -0.999257  0.0125354   -8.03104
  0.046477  0.0108351   0.998861 -0.0945399
         0          0          0          1
T_world_lidar: 
 -0.998254  0.0369926  0.0460475   -5.30134
-0.0364515  -0.999257  0.0125354   -8.03104
  0.046477  0.0108351   0.998861 -0.0945399
         0          0          0          1
v_world_imu:    -0.453975  -0.00961079 -0.000552496
frame_186
id: 447
stamp: 1730230153.003221512
T_odom_lidar: 
 -0.998319  0.0357289  0.0456368   -5.34668
-0.0351669  -0.999296  0.0130589   -8.03377
 0.0460713   0.011432   0.998873 -0.0970799
         0          0          0          1
T_world_lidar: 
 -0.998319  0.0357289  0.0456368   -5.34668
-0.0351669  -0.999296  0.0130589   -8.03377
 0.0460713   0.011432   0.998873 -0.0970799
         0          0          0          1
v_world_imu:   -0.451152  -0.0385619 -0.00401009
frame_187
id: 448
stamp: 1730230153.200040340
T_odom_lidar: 
 -0.998363  0.0346707  0.0454805   -5.43457
-0.0339982  -0.999302  0.0154777   -8.03782
 0.0459854  0.0139061   0.998845 -0.0969346
         0          0          0          1
T_world_lidar: 
 -0.998363  0.0346707  0.0454805   -5.43457
-0.0339982  -0.999302  0.0154777   -8.03782
 0.0459854  0.0139061   0.998845 -0.0969346
         0          0          0          1
v_world_imu:   -0.40894 -0.0242248 0.00703374
frame_188
id: 449
stamp: 1730230153.300041437
T_odom_lidar: 
 -0.998366  0.0315088  0.0476677   -5.47119
-0.0308376  -0.999416  0.0147502   -8.04017
 0.0481046  0.0132561   0.998754 -0.0951246
         0          0          0          1
T_world_lidar: 
 -0.998366  0.0315088  0.0476677   -5.47119
-0.0308376  -0.999416  0.0147502   -8.04017
 0.0481046  0.0132561   0.998754 -0.0951246
         0          0          0          1
v_world_imu:  -0.315083 -0.0328292  0.0157349
frame_189
id: 450
stamp: 1730230153.400039434
T_odom_lidar: 
 -0.998325  0.0302803   0.049299   -5.49892
-0.0295787  -0.999451  0.0148995   -8.04295
 0.0497231  0.0134163   0.998673 -0.0936559
         0          0          0          1
T_world_lidar: 
 -0.998325  0.0302803   0.049299   -5.49892
-0.0295787  -0.999451  0.0148995   -8.04295
 0.0497231  0.0134163   0.998673 -0.0936559
         0          0          0          1
v_world_imu:  -0.244943 -0.0233169  0.0130999
frame_190
id: 451
stamp: 1730230153.500033379
T_odom_lidar: 
 -0.998497   0.025113  0.0487128   -5.52165
-0.0243873  -0.999583  0.0154345   -8.04355
 0.0490801  0.0142234   0.998694  -0.092972
         0          0          0          1
T_world_lidar: 
 -0.998497   0.025113  0.0487128   -5.52165
-0.0243873  -0.999583  0.0154345   -8.04355
 0.0490801  0.0142234   0.998694  -0.092972
         0          0          0          1
v_world_imu:  -0.209045 -0.0191479 0.00668194
frame_191
id: 452
stamp: 1730230153.600044250
T_odom_lidar: 
 -0.998714  0.0153007   0.048333   -5.54181
-0.0147138  -0.999814  0.0124745   -8.04287
 0.0485149  0.0117473   0.998753 -0.0924139
         0          0          0          1
T_world_lidar: 
 -0.998714  0.0153007   0.048333   -5.54181
-0.0147138  -0.999814  0.0124745   -8.04287
 0.0485149  0.0117473   0.998753 -0.0924139
         0          0          0          1
v_world_imu:   -0.192225 -0.00997372   0.0114969
frame_192
id: 453
stamp: 1730230153.700054407
T_odom_lidar: 
  -0.998952 -0.00822585   0.0450179    -5.56147
 0.00871013   -0.999906    0.010572    -8.03804
  0.0449268    0.010953     0.99893  -0.0930737
          0           0           0           1
T_world_lidar: 
  -0.998952 -0.00822585   0.0450179    -5.56147
 0.00871013   -0.999906    0.010572    -8.03804
  0.0449268    0.010953     0.99893  -0.0930737
          0           0           0           1
v_world_imu:   -0.187357   -0.011497 -0.00826641
frame_193
id: 454
stamp: 1730230153.803256512
T_odom_lidar: 
  -0.99864 -0.0318524  0.0412831   -5.58119
 0.0323248  -0.999419  0.0108271    -8.0338
 0.0409142  0.0121468   0.999089 -0.0957997
         0          0          0          1
T_world_lidar: 
  -0.99864 -0.0318524  0.0412831   -5.58119
 0.0323248  -0.999419  0.0108271    -8.0338
 0.0409142  0.0121468   0.999089 -0.0957997
         0          0          0          1
v_world_imu:   -0.196115 -0.00769696  -0.0113077
frame_194
id: 455
stamp: 1730230154.003223419
T_odom_lidar: 
 -0.996777 -0.0712005  0.0369577   -5.62357
 0.0715079  -0.997415 0.00706281   -8.02524
 0.0363593 0.00968281   0.999292 -0.0993831
         0          0          0          1
T_world_lidar: 
 -0.996777 -0.0712005  0.0369577   -5.62357
 0.0715079  -0.997415 0.00706281   -8.02524
 0.0363593 0.00968281   0.999292 -0.0993831
         0          0          0          1
v_world_imu:  -0.238119 -0.0324784  -0.019452
frame_195
id: 456
stamp: 1730230154.203247547
T_odom_lidar: 
 -0.996515 -0.0756421  0.0351703   -5.67797
 0.0760307  -0.997057  0.0098442   -8.02965
 0.0343221  0.0124839   0.999333  -0.102106
         0          0          0          1
T_world_lidar: 
 -0.996515 -0.0756421  0.0351703   -5.67797
 0.0760307  -0.997057  0.0098442   -8.02965
 0.0343221  0.0124839   0.999333  -0.102106
         0          0          0          1
v_world_imu:  -0.302895 -0.0278168 -0.0107481
frame_196
id: 457
stamp: 1730230154.403250456
T_odom_lidar: 
 -0.996682 -0.0746039  0.0325591   -5.74598
 0.0749818  -0.997129  0.0105419    -8.0377
 0.0316791  0.0129483   0.999414  -0.105727
         0          0          0          1
T_world_lidar: 
 -0.996682 -0.0746039  0.0325591   -5.74598
 0.0749818  -0.997129  0.0105419    -8.0377
 0.0316791  0.0129483   0.999414  -0.105727
         0          0          0          1
v_world_imu:  -0.370282 -0.0427638 -0.0157873
frame_197
id: 458
stamp: 1730230154.600033283
T_odom_lidar: 
 -0.996977 -0.0707043  0.0322024   -5.82181
 0.0709982  -0.997444 0.00807247   -8.05096
 0.0315493  0.0103344   0.999449  -0.110353
         0          0          0          1
T_world_lidar: 
 -0.996977 -0.0707043  0.0322024   -5.82181
 0.0709982  -0.997444 0.00807247   -8.05096
 0.0315493  0.0103344   0.999449  -0.110353
         0          0          0          1
v_world_imu:  -0.405911 -0.0728018 -0.0241059
frame_198
id: 459
stamp: 1730230154.700020313
T_odom_lidar: 
 -0.996743 -0.0740323  0.0319866   -5.86206
 0.0742648   -0.99722 0.00613893   -8.05901
 0.0314432  0.0084944   0.999469  -0.114017
         0          0          0          1
T_world_lidar: 
 -0.996743 -0.0740323  0.0319866   -5.86206
 0.0742648   -0.99722 0.00613893   -8.05901
 0.0314432  0.0084944   0.999469  -0.114017
         0          0          0          1
v_world_imu:  -0.417784   -0.06559 -0.0232046
frame_199
id: 460
stamp: 1730230154.800024271
T_odom_lidar: 
 -0.995765 -0.0859457  0.0326372   -5.90452
 0.0860758  -0.996285 0.00259882   -8.06382
 0.0322926 0.00539709   0.999464   -0.11681
         0          0          0          1
T_world_lidar: 
 -0.995765 -0.0859457  0.0326372   -5.90452
 0.0860758  -0.996285 0.00259882   -8.06382
 0.0322926 0.00539709   0.999464   -0.11681
         0          0          0          1
v_world_imu:  -0.421605 -0.0879014 -0.0351337
frame_200
id: 461
stamp: 1730230154.900038242
T_odom_lidar: 
  -0.992401    -0.11822    0.034115    -5.94554
   0.118081   -0.992985  -0.0060617    -8.06419
  0.0345923 -0.00198731      0.9994   -0.120883
          0           0           0           1
T_world_lidar: 
  -0.992401    -0.11822    0.034115    -5.94554
   0.118081   -0.992985  -0.0060617    -8.06419
  0.0345923 -0.00198731      0.9994   -0.120883
          0           0           0           1
v_world_imu:  -0.402963 -0.0902275 -0.0618069
frame_201
id: 462
stamp: 1730230155.003225327
T_odom_lidar: 
  -0.986092   -0.162587   0.0344817    -5.98495
   0.162235   -0.986669  -0.0127855     -8.0625
  0.0361008 -0.00701357    0.999324     -0.1267
          0           0           0           1
T_world_lidar: 
  -0.986092   -0.162587   0.0344817    -5.98495
   0.162235   -0.986669  -0.0127855     -8.0625
  0.0361008 -0.00701357    0.999324     -0.1267
          0           0           0           1
v_world_imu:  -0.361197 -0.0880284 -0.0615434
